SectionWarp,784,0,65B90857,0,2,3,4294967295,0,1
Platform,480,192,244E7469,0,9,1,4294967295,0,1
Platform,416,176,2BB505B0,0,9,1,4294967295,0,1
SpikeU,128,2496,7C696B8A,0,1,1,4294967295,0,0
SpikeR,128,2464,5ED9DD22,0,1,1,4294967295,0,0
SpikeD,160,2464,EF08C2C3,0,1,1,4294967295,0,0
SpikeL,160,2496,BD5904FA,0,1,1,4294967295,0,0
MiniSpikeDown,208,2464,9CBABCB1,0,1,1,4294967295,0,0
MiniSpikeRight,192,2464,5F580E04,0,1,1,4294967295,0,0
MiniSpikeLeft,208,2480,36076CB9,0,1,1,4294967295,0,0
MiniSpikeUp,192,2480,91F10E8A,0,1,1,4294967295,0,0
SpikeLT,192,2080,5F6B21D8,0,1,1,4294967295,0,0
SpikeLT,160,2112,847F1B98,0,1,1,4294967295,0,0
SpikeTR,576,2080,1950D3B7,0,1,1,4294967295,0,0
SpikeTR,608,2112,CD742424,0,1,1,4294967295,0,0
SpikeU,512,2208,3AFF9892,0,1,1,4294967295,0,0
SpikeD,512,2272,AC16353C,0,1,1,4294967295,0,0
SpikeU,320,2176,C534E7F1,0,1,1,4294967295,0,0
SpikeD,320,2240,23864D50,0,1,1,4294967295,0,0
SpikeU,576,2144,5540255B,0,1,1,4294967295,0,0
SpikeD,576,2208,FC4FEE68,0,1,1,4294967295,0,0
SpikeU,192,2240,87EDB5BD,0,1,1,4294967295,0,0
SpikeD,192,2304,93E2D98F,0,1,1,4294967295,0,0
SpikeD,256,2144,62D4EE7A,0,1,1,4294967295,0,0
SpikeD,384,2144,C0E3B53D,0,1,1,4294967295,0,0
SpikeD,384,2048,4437E30B,0,1,1,4294967295,0,0
MiniSpikeDown,416,2048,BE3B66EA,0,1,1,4294967295,0,0
MiniSpikeDown,368,2048,BCF70A9E,0,1,1,4294967295,0,0
SpikeL,480,1696,8C9EB47F,0,1,1,4294967295,0,0
SpikeU,512,1632,61F7D3EE,0,1,1,4294967295,0,0
SpikeU,256,1632,68596ADD,0,1,1,4294967295,0,0
SpikeR,288,1696,A7250063,0,1,1,4294967295,0,0
SpikeD,384,1632,AD093B54,0,1,1,4294967295,0,0
SpikeD,224,1504,BBB24E35,0,1,1,4294967295,0,0
SpikeU,224,1440,75533D0C,0,1,1,4294967295,0,0
SpikeD,544,1504,328EE3D2,0,1,1,4294967295,0,0
SpikeU,544,1440,A514FFCE,0,1,1,4294967295,0,0
SpikeD,192,1344,BF3CC9D9,0,1,1,4294967295,0,0
SpikeD,576,1344,EB854771,0,1,1,4294967295,0,0
SpikeU,128,1536,60F9D2BD,0,1,1,4294967295,0,0
SpikeR,160,1568,D30BA049,0,1,1,4294967295,0,0
SpikeU,640,1536,5867EE11,0,1,1,4294967295,0,0
SpikeL,608,1568,B37101D7,0,1,1,4294967295,0,0
SpikeR,64,1376,15E6EFBB,0,1,1,4294967295,0,0
SpikeL,704,1376,2D2B22F5,0,1,1,4294967295,0,0
SpikeTall,384,1248,7B738DB5,0,1,5,4294967295,0,0
SpikeU,96,1696,D5A0066E,0,1,1,4294967295,0,0
SpikeU,672,1696,2ACA4F80,0,1,1,4294967295,0,0
SpikeLT,160,1248,7367CCC3,0,1,1,4294967295,0,0
SpikeTR,608,1248,69B4589B,0,1,1,4294967295,0,0
SpikeLB,160,1728,87B46813,0,1,1,4294967295,0,0
SpikeBR,608,1728,2C1DECA1,0,1,1,4294967295,0,0
SpikeTall,224,1056,81682854,0,1,4,4294967295,0,0
SpikeTall,544,1056,ADEFD541,0,1,4,4294967295,0,0
SpikeR,256,1040,0B28AB93,0,1,1,4294967295,0,0
SpikeL,512,1040,3F340318,0,1,1,4294967295,0,0
SpikeLB,256,1152,663340B2,0,1,1,4294967295,0,0
SpikeBR,512,1152,B508A992,0,1,1,4294967295,0,0
SpikeTall,448,736,48641451,0,0.5,10,4294967295,0,0
SpikeTall,336,736,E7B81091,0,0.5,10,4294967295,0,0
MiniSpikeDown,336,1056,49DB0539,0,1,1,4294967295,0,0
MiniSpikeDown,448,1056,17D09782,0,1,1,4294967295,0,0
SpikeTR,352,1248,00236053,0,1,1,4294967295,0,0
SpikeLT,416,1248,47C14EAD,0,1,1,4294967295,0,0
SpikeD,384,1008,1BF3C45E,0,1,1,4294967295,0,0
SpikeD,416,880,B86DF7ED,0,1,1,4294967295,0,0
SpikeD,352,768,EB32D17D,0,1,1,4294967295,0,0
SpikeTR,448,672,381A1077,0,1,1,4294967295,0,0
SpikeTR,416,640,A0459969,0,1,1,4294967295,0,0
SpikeTR,384,608,0E376038,0,1,1,4294967295,0,0
SpikeTall,384,384,94D5BFC8,0,1,7,4294967295,0,0
SpikeU,112,432,539BE1EE,0,1,1,4294967295,0,0
SpikeD,112,496,37D256E0,0,1,1,4294967295,0,0
SpikeU,256,400,8BEDFB09,0,1,1,4294967295,0,0
SpikeD,256,464,9EF5229D,0,1,1,4294967295,0,0
SpikeU,176,288,ED69E051,0,1,1,4294967295,0,0
SpikeD,176,352,7C5B6CA1,0,1,1,4294967295,0,0
SpikeU,352,320,AF189301,0,1,1,4294967295,0,0
SpikeD,352,384,B0379CCE,0,1,1,4294967295,0,0
sprKiller,384,352,BFCB294C,0,1,1,4294967295,0,0
sprKiller,416,352,F4DC3818,0,1,1,4294967295,0,0
sprKiller,448,352,6512C995,0,1,1,4294967295,0,0
sprKiller,480,352,A0F4B089,0,1,1,4294967295,0,0
sprKiller,512,352,EC4E48D4,0,1,1,4294967295,0,0
sprKiller,544,352,951757BC,0,1,1,4294967295,0,0
sprKiller,576,352,72E3E5F8,0,1,1,4294967295,0,0
sprKiller,608,352,9010E326,0,1,1,4294967295,0,0
sprKiller,640,352,89D832BB,0,1,1,4294967295,0,0
sprKiller,672,352,57E7B926,0,1,1,4294967295,0,0
sprKiller,704,352,756A9E34,0,1,1,4294967295,0,0
sprKiller,736,352,C82984EA,0,1,1,4294967295,0,0
SpikeR,480,192,C7F7A0C1,0,1,1,4294967295,0,1
SpikeL,736,192,70664A48,0,1,1,4294967295,0,0
SpikeD,480,320,1229F322,0,1,1,4294967295,0,0
SpikeD,560,320,628D5222,0,1,1,4294967295,0,0
SpikeD,640,320,4D172185,0,1,1,4294967295,0,0
SpikeD,720,320,50B0E78E,0,1,1,4294967295,0,0
SpikeD,400,320,80CCA521,0,1,1,4294967295,0,0
SpikeR,96,1040,18D5BE45,0,1,1,4294967295,0,0
SpikeL,672,1040,45F5EA66,0,1,1,4294967295,0,0
MiniSpikeUp,400,272,6FE3031C,0,1,1,4294967295,0,0
MiniSpikeUp,416,272,9C16E292,0,1,1,4294967295,0,0
MiniSpikeUp,480,272,427BA5C4,0,1,1,4294967295,0,0
MiniSpikeUp,496,272,387EDEC5,0,1,1,4294967295,0,0
MiniSpikeUp,560,272,8F03B153,0,1,1,4294967295,0,0
MiniSpikeUp,576,272,39BF3E78,0,1,1,4294967295,0,0
MiniSpikeUp,640,272,99F3AA24,0,1,1,4294967295,0,0
MiniSpikeUp,656,272,EC93A6F8,0,1,1,4294967295,0,0
MiniSpikeUp,720,272,5DD527B8,0,1,1,4294967295,0,0
MiniSpikeUp,736,272,05165293,0,1,1,4294967295,0,0
MiniSpikeUp,64,688,D465FACC,0,1,1,4294967295,0,0
MiniSpikeUp,80,688,51EC424D,0,1,1,4294967295,0,0
MiniSpikeUp,96,688,88882D5A,0,1,1,4294967295,0,0
Autotiler,384,2288,E883BB22,0,1,1,4294967295,0,1
GuyTrap,448,1408,85221233,0,1,1,4294967295,270,1
Block,0,2000,003F7A19,0,7,2.5,4294967295,0,0
Block,0,2400,001A25E1,0,11,1,4294967295,0,0
Block,368,1872,88BA1F87,0,2,5.5,4294967295,0,0
Block,0,1840,3B9B391F,0,3.5,5,4294967295,0,0
Block,688,1840,1503385F,0,3.5,5,4294967295,0,0
Block,0,1792,4F0C92F3,0,10,1.5,4294967295,0,0
Block,480,1792,DF6F3FE8,0,10,1.5,4294967295,0,0
Block,576,2000,BABE059E,0,7,2.5,4294967295,0,0
Block,0,2080,B6BDBE3E,0,5,10,4294967295,0,0
Block,640,2080,DD60F0DC,0,5,10,4294967295,0,0
Block,160,2080,BDAD433A,0,1,1,4294967295,0,0
Block,608,2080,C2ACC6F0,0,1,1,4294967295,0,0
Block,448,2400,FB76348F,0,11,1,4294967295,0,0
Block,352,2432,9C2CCC07,0,3,0.5,4294967295,0,0
Block,512,2240,6F50DFF6,0,1,1,4294967295,0,0
Block,320,2208,E08D1216,0,1,1,4294967295,0,0
Block,576,2176,8FBA8C3A,0,1,1,4294967295,0,0
Block,192,2272,B38DEFC7,0,1,1,4294967295,0,0
Block,256,2080,5E959802,0,1,2,4294967295,0,0
Block,384,2112,66220D1A,0,1,1,4294967295,0,0
Block,288,2336,9125B0FD,0,1,1,4294967295,0,0
Block,608,2368,A2A8A0F4,0,1,1,4294967295,0,0
Block,448,2336,84FE37D6,0,1,1,4294967295,0,0
Block,512,2080,6E41F014,0,1,1,4294967295,0,0
Block,0,1376,73BC12CD,0,2,13,4294967295,0,0
Block,736,1376,DCEDAB79,0,2,13,4294967295,0,0
Block,0,1184,CB075DD0,0,1,6,4294967295,0,0
Block,768,1184,4934B639,0,1,6,4294967295,0,0
Block,512,1664,4EB94B32,0,1,2,4294967295,0,0
Block,256,1664,11C87428,0,1,2,4294967295,0,0
Block,64,1728,E149BB8C,0,3,2,4294967295,0,0
Block,640,1728,FFFD2804,0,3,2,4294967295,0,0
Block,160,1760,1860E9A4,0,3,1,4294967295,0,0
Block,544,1760,53283649,0,3,1,4294967295,0,0
Block,352,1376,27ADBCFD,0,3,1,4294967295,0,0
Block,704,1696,CCF96579,0,1,1,4294967295,0,0
Block,64,1696,2F5A6B01,0,1,1,4294967295,0,0
Block,224,1472,CF77DFB6,0,1,1,4294967295,0,0
Block,544,1472,75E76F45,0,1,1,4294967295,0,0
Block,192,1312,95B11B1D,0,1,1,4294967295,0,0
Block,128,1184,BADED512,0,8,2,4294967295,0,0
Block,576,1312,2F777551,0,1,1,4294967295,0,0
Block,128,1568,FBF63650,0,1,1,4294967295,0,0
Block,640,1568,9FFCC034,0,1,1,4294967295,0,0
Block,96,1248,9DA298C4,0,2,1,4294967295,0,0
Block,640,1248,1D96812F,0,2,1,4294967295,0,0
Block,0,672,E560FF10,0,1,16,4294967295,0,0
Block,224,1040,2E31B7E1,0,1,0.5,4294967295,0,0
Block,544,1040,56A6C2B9,0,1,0.5,4294967295,0,0
Block,768,672,B011DD1D,0,1,16,4294967295,0,0
Block,384,976,A66CBD7A,0,1,1,4294967295,0,0
Block,416,848,1841314B,0,1,1,4294967295,0,0
Block,352,736,2670CA2D,0,1,1,4294967295,0,0
Block,32,704,83CADAE8,0,10,1,4294967295,0,0
Block,448,704,768D6FC4,0,10,1,4294967295,0,0
Block,32,736,50A97953,0,9.5,6.5,4294967295,0,0
Block,464,736,79FB52D9,0,9.5,6.5,4294967295,0,0
Block,416,1184,033D2880,0,8,2,4294967295,0,0
Block,0,224,8AF8DAF3,0,2,14,4294967295,0,0
Block,0,96,677689E8,0,6,4,4294967295,0,0
Block,192,32,3F240159,0,2,6,4294967295,0,0
Block,0,0,3C344C6B,0,25,1,4294967295,0,0
Block,256,192,4A5AA500,0,7,1,4294967295,0,0
Block,768,192,D14C1E39,0,1,15,4294967295,0,0
Block,416,384,C0E0FDB7,0,11,7,4294967295,0,0
Block,64,592,2AAD1EA0,0,1,1,4294967295,0,0
Block,272,656,5C707CB0,0,1,1,4294967295,0,0
Block,416,608,0A1A19C8,0,11,1,4294967295,0,0
Block,448,640,4DDF1733,0,10,1,4294967295,0,0
Block,480,672,3E21B2A1,0,9,1,4294967295,0,0
Block,208,528,FCEFEC0F,0,1,1,4294967295,0,0
Block,112,464,93952BBC,0,1,1,4294967295,0,0
Block,256,432,6DE302C5,0,1,1,4294967295,0,0
Block,176,320,8BB28AD7,0,1,1,4294967295,0,0
Block,352,352,610FF9F9,0,1,1,4294967295,0,0
Block,480,288,8B830154,0,1,1,4294967295,0,0
Block,560,288,2A2267BA,0,1,1,4294967295,0,0
Block,640,288,2F538630,0,1,1,4294967295,0,0
Block,720,288,56AB47A5,0,1,1,4294967295,0,0
Block,400,288,82E6524D,0,1,1,4294967295,0,0
Block,64,1040,4C52AB2F,0,1,1,4294967295,0,0
Block,704,1040,8D602171,0,1,1,4294967295,0,0
Block,768,64,4DA82F43,0,1,4,4294967295,0,0
Block,384,176,78650474,0,1,0.5,4294967295,0,0
Block,384,1568,D8387885,0,1,2,4294967295,0,1
Signpost,576,2368,BDD050F1,0,1,1,4294967295,0,1
SavePointMedium,96,2496,168ED2C1,0,1,1,4294967295,0,0
Cherry,208,2512,19FF70DC,0,1,1,4294967295,0,0
BulletBlock,96,2464,45D5B31A,0,1,1,4294967295,0,0
SavePointHard,384,2368,CAA305FA,0,1,1,4294967295,0,0
AshGive,352,2400,A3502FF5,0,1,1,4294967295,0,1
Platform,224,2032,7C650AF8,0,4.5,1,4294967295,0,0
Platform,432,2032,1328DD6F,0,4.5,1,4294967295,0,0
Platform,320,1792,DB77FCBF,0,5,3,4294967295,0,0
Platform,352,2400,A2751EE8,0,3,1,4294967295,0,0
TextDraw,512,1920,B6340734,0,1,1,4294967295,30,1
TextDraw,512,1888,169BA09B,0,1,1,4294967295,315,1
TriggerInstance,224,2000,0ECD202B,0,11,1,4294967295,0,1
TriggerTransformer,160,1888,6759231E,0,1,1,4294967295,0,1
TriggerRelay,192,1888,C1146410,0,1,1,4294967295,0,1
TriggerRelay,224,1888,190E3716,0,1,1,4294967295,0,1
MusicPlayerActivated,224,1856,66B40FAE,0,1,1,4294967295,0,1
MusicPlayer,384,2240,F2B91F5E,0,1,1,4294967295,0,1
TriggerInstance,368,1536,78290316,0,2,0.5,4294967295,0,1
TriggerInstance,64,576,3AF8F9D9,0,11,1,4294967295,0,1
TriggerTransformer,64,32,1000A7F8,0,1,1,4294967295,0,1
TriggerRelay,96,32,05060E06,0,1,1,4294967295,0,1
TriggerRelay,128,32,EE19DFC5,0,1,1,4294967295,0,1
MusicPlayerActivated,160,32,294B7560,0,1,1,4294967295,0,1
TriggerCode,96,64,9DC8E0F0,0,1,1,4294967295,0,1
TrapStop,384,1584,DF42DCF8,0,1,1,4294967295,0,1
Jumper,384,1216,EB677243,0,1,1,4294967295,0,0
Platform,416,1104,C2AE60E1,0,1,1,4294967295,0,0
Cherry,112,272,CA68554B,0,1,1,4294967295,0,0
Cherry,272,240,AC15492B,0,1,1,4294967295,0,0
Cherry,288,304,2D88C595,0,1,1,4294967295,0,0
Cherry,224,416,3364381E,0,1,1,4294967295,0,0
Cherry,336,432,8BFB85FF,0,1,1,4294967295,0,0
Cherry,80,416,237C8CC6,0,1,1,4294967295,0,0
Cherry,368,608,CA7F713F,0,1,1,4294967295,0,0
Cherry,176,640,3B7E6E0F,0,1,1,4294967295,0,0
Cherry,48,688,8F0B0287,0,1,1,4294967295,0,0
TrapStop,704,192,FBBFBBC9,0,1,1,4294967295,0,0
TriggerInstance,352,224,0E339525,0,1,4,4294967295,0,1
TrapStop,64,224,3C14D5E5,0,1,1,4294967295,0,1
TriggerInstance,480,160,CAA29604,0,9,1,4294967295,0,1
MusicPlayerActivated,460,81,AE4C1082,0,1,1,4294967295,0,1
TriggerTransformer,432,112,A535C5BB,0,1,1,4294967295,0,1
TriggerRelay,464,112,DBDCCA24,0,1,1,4294967295,0,1
TriggerRelay,496,112,C1555EE4,0,1,1,4294967295,0,1
TriggerCode,496,96,6F638961,0,1,1,4294967295,0,1
Platform,64,1072,0AE7CDC3,0,1,1,4294967295,0,0
Platform,704,1072,D593304B,0,1,1,4294967295,0,0
TextDraw,80,960,02455DC3,0,1,1,4294967295,-1,1
TextDraw,728,960,BEE0CBE1,0,-1,1,4294967295,359,1
TextDraw,112,256,46F0D50B,0,2,1.3333333333333,4294967295,3.9909130984298,1
TimerTimerTimer,16,32,922DD9F1,0,1,1,4294967295,0,1
TriggerRelay,256,1888,FF582B86,0,1,1,4294967295,0,1
TriggerRelay,528,112,B4A469AC,0,1,1,4294967295,0,1
TextDraw,256,32,1A1DEB73,0,2.6666666666667,2.6666666666667,16777215,0,1
TextDraw,688,48,587F36DF,0,2.6666666666667,2.6666666666667,4294967295,15,1
Jumper,352,2416,6567FF42,0,1,1,16777215,0,1
Jumper,384,2416,05F5BD57,0,1,1,16777215,0,1
Jumper,416,2416,6A8EC407,0,1,1,16777215,0,1
CameraRoomViewer,608,2336,EB96DBF6,0,1,1,4294967295,0,0
TriggerInstance,672,1184,288C1B64,0,3,2,4294967295,0,1
TriggerCode,656,1152,A43624D8,0,1,1,4294967295,0,1
TextDraw,88,976,8D32DF91,0,-1,1,4294967295,1,1
TextDraw,720,976,3CA5F9D4,0,1,1,4294967295,1,1
TriggerInstance,32,1184,8A970AAA,0,3,2,4294967295,0,1
TriggerCode,128,1152,29BC809B,0,1,1,4294967295,0,1
PlayerStart,352,2400,96BD2CE7,0,1,1,4294967295,0,0
EvilSprite,0,2304,CE7F0A1E,0,5,5,4278190335,0,1
TriggerGroup,0,0,3B79C662,0,8.3333333333333,25.3333333333333,4294967295,0,0
