AntiSoftlockBlock,544,512,D2467C1F,0,1,1,4294967295,0,0
AntiSoftlockBlock,2272,160,1A5FBBEA,0,3,3,4294967295,0,0
AntiSoftlockBlock,1952,384,6B42887F,0,4,1,4294967295,0,0
AntiSoftlockBlock,2336,192,F7B334AD,0,1,2,4294967295,0,0
SpikeU,304,544,60ABAC31,0,1,1,4294967295,0,0
SpikeU,336,512,D17C38F6,0,1,1,4294967295,0,0
SpikeU,400,320,71C74906,0,1,1,4294967295,0,0
SpikeU,464,160,35D1BC30,0,1,1,4294967295,0,0
SpikeU,160,128,E6DE3EBA,0,1,1,4294967295,0,0
SpikeU,32,448,DFBB8AED,0,1,1,4294967295,0,0
SpikeU,80,448,BECE7583,0,1,1,4294967295,0,0
SpikeU,96,416,0F26EEF2,0,1,1,4294967295,0,0
SpikeD,96,448,3CF5F653,0,1,1,4294967295,0,0
SpikeU,64,432,C840E6D3,0,1,1,4294967295,0,0
SpikeD,128,288,BB6F5F35,0,1,1,4294967295,0,0
SpikeD,96,288,292054A3,0,1,1,4294967295,0,0
SpikeD,64,288,143F0B08,0,1,1,4294967295,0,0
SpikeD,96,160,89B3F99E,0,1,1,4294967295,0,0
SpikeD,192,16,0F8249D0,0,1,1,4294967295,0,0
SpikeD,224,16,EBF94E86,0,1,1,4294967295,0,0
SpikeU,192,560,11353ED1,0,1,1,4294967295,0,0
SpikeU,224,560,41136CDB,0,1,1,4294967295,0,0
SpikeD,272,128,30B67D98,0,1,1,4294967295,0,0
SpikeD,464,224,6546CA55,0,1,1,4294967295,0,0
SpikeD,400,384,A15E8B03,0,1,1,4294967295,0,0
SpikeD,304,32,00396825,0,1,1,4294967295,0,0
SpikeD,512,16,3C4A48B0,0,1,1,4294967295,0,0
SpikeD,352,128,6ECB77E9,0,1,1,4294967295,0,0
SpikeR,192,160,0FA5B727,0,1,1,4294967295,0,0
SpikeR,192,320,22F288B4,0,1,1,4294967295,0,0
SpikeR,336,304,33879981,0,1,1,4294967295,0,0
SpikeR,416,96,A2C6741C,0,1,1,4294967295,0,0
SpikeR,432,352,7701F210,0,1,1,4294967295,0,0
SpikeL,448,192,9B44A41F,0,1,1,4294967295,0,0
SpikeL,352,192,E2A03F67,0,1,1,4294967295,0,0
SpikeL,368,352,172825BC,0,1,1,4294967295,0,0
SpikeL,240,192,E48F1205,0,1,1,4294967295,0,0
SpikeL,240,224,42194EEC,0,1,1,4294967295,0,0
SpikeL,224,256,80767A4D,0,1,1,4294967295,0,0
SpikeR,176,288,4B257F0B,0,1,1,4294967295,0,0
SpikeR,208,352,99F8D7F7,0,1,1,4294967295,0,0
SpikeR,400,448,C457C255,0,1,1,4294967295,0,0
SpikeL,464,448,A72FF475,0,1,1,4294967295,0,0
SpikeR,496,448,D49D6151,0,1,1,4294967295,0,0
SpikeL,544,480,E58F86BA,0,1,1,4294967295,0,0
SpikeL,544,384,F63CDC14,0,1,1,4294967295,0,0
SpikeR,512,320,D52AB1A2,0,1,1,4294967295,0,0
SpikeL,560,256,D0599DF1,0,1,1,4294967295,0,0
SpikeR,496,128,E8DB3179,0,1,1,4294967295,0,0
SpikeL,544,96,FDBEB367,0,1,1,4294967295,0,0
SpikeR,192,448,5C500B52,0,1,1,4279828224,0,1
SpikeD,160,32,600BCC03,0,1,1,4279435008,0,1
SpikeD,928,160,F787291A,0,1,1,4294967295,0,0
SpikeD,960,160,0907DA37,0,1,1,4294967295,0,0
SpikeD,992,160,760DB41F,0,1,1,4294967295,0,0
SpikeD,896,144,F7805168,0,1,1,4294967295,0,0
SpikeD,1056,160,386F74DF,0,1,1,4294967295,0,0
SpikeD,1088,160,CA921590,0,1,1,4294967295,0,0
SpikeD,1120,192,48E8E53B,0,1,1,4294967295,0,0
SpikeD,1152,160,8F6D96E4,0,1,1,4294967295,0,0
SpikeD,1184,160,E375F5D4,0,1,1,4294967295,0,0
SpikeD,1216,160,A2EC1F13,0,1,1,4294967295,0,0
SpikeD,1248,160,2BEEFB36,0,1,1,4294967295,0,0
SpikeD,1280,160,122F0866,0,1,1,4294967295,0,0
SpikeD,1312,160,0F0EF28D,0,1,1,4294967295,0,0
SpikeD,1344,160,352EDF8E,0,1,1,4294967295,0,0
SpikeD,1376,160,6C0AF994,0,1,1,4294967295,0,0
SpikeD,1408,160,8C841B3E,0,1,1,4294967295,0,0
SpikeD,1440,160,4D1A2D30,0,1,1,4294967295,0,0
SpikeD,1472,144,40C4232E,0,1,1,4294967295,0,0
SpikeU,1504,96,050C5E41,0,1,1,4294967295,0,0
SpikeU,1312,272,D4B34828,0,1,1,4294967295,0,0
SpikeU,1440,288,3F3F89BF,0,1,1,4294967295,0,0
SpikeU,896,256,F0429B6F,0,1,1,4294967295,0,0
SpikeU,1280,416,1A30DCFA,0,1,1,4294967295,0,0
SpikeU,1056,416,B5E95FB6,0,1,1,4294967295,0,0
SpikeD,1376,512,EA795529,0,1,1,4294967295,0,0
SpikeU,1504,592,ADE04606,0,1,1,4294967295,0,0
SpikeU,1425,545,4A092E6B,0,0.96875,0.96875,4294967295,0,0
SpikeU,1328,544,87207C88,0,1,1,4294967295,0,0
SpikeD,1152,368,0404B454,0,1,1,4294967295,0,0
SpikeD,1120,384,141340CD,0,1,1,4294967295,0,0
SpikeD,1088,368,4AD1B8A2,0,1,1,4294967295,0,0
SpikeD,1024,368,C6A6E2DD,0,1,1,4294967295,0,0
SpikeD,992,384,61967284,0,1,1,4294967295,0,0
SpikeD,960,368,C6B761D3,0,1,1,4294967295,0,0
SpikeU,1104,544,0C0594F0,0,1,1,4294967295,0,0
SpikeD,1472,384,BBBFA43F,0,1,1,4294967295,0,0
SpikeD,1504,384,0E7AE046,0,1,1,4294967295,0,0
SpikeD,1536,384,8DFFCF95,0,1,1,4294967295,0,0
SpikeD,1424,384,26BEC397,0,1,1,4294967295,0,0
SpikeU,1360,417,D8BEFC5F,0,0.96875,0.96875,4294967295,0,0
SpikeD,1248,384,8525A499,0,1,1,4294967295,0,0
SpikeD,1024,192,F42305E4,0,1,1,4281335552,0,1
SpikeR,896,512,FCC5029D,0,1,1,4280942336,0,1
SpikeR,960,544,389A3FCD,0,1,1,4280942336,0,1
SpikeR,1024,480,537727D9,0,1,1,4280942336,0,1
SpikeD,1440,464,1D84113B,0,1,1,4282908416,0,1
SpikeR,1312,416,429B3707,0,1,1,4279435008,0,1
SpikeD,960,96,29C15693,0,1,1,4278255372,0,1
SpikeD,992,64,D425A1D8,0,1,1,4278255372,0,1
SpikeD,1024,64,CAD6026E,0,1,1,4278255372,0,1
SpikeD,1088,96,C8736F0F,0,1,1,4278255372,0,1
SpikeD,1152,64,4140E618,0,1,1,4278255372,0,1
SpikeD,1216,32,A34CD032,0,1,1,4278255372,0,1
SpikeD,1280,64,8F446D03,0,1,1,4278255372,0,1
SpikeD,1344,96,18C2DF09,0,1,1,4278255372,0,1
SpikeD,1408,64,054A31FF,0,1,1,4278255372,0,1
SpikeR,1600,128,6FAB91E4,0,1,1,4279828224,0,1
SpikeD,1920,256,6F733BB3,0,1,1,4294967295,0,0
SpikeU,1920,256,7D1BBCA8,0,1,1,4294967295,0,0
SpikeL,1728,192,52F90030,0,1,1,4294967295,0,0
SpikeD,1760,272,B0434CA2,0,1,1,4294967295,0,0
SpikeU,1792,336,92AD3764,0,1,1,4294967295,0,0
SpikeD,1824,256,4AEF3A82,0,1,1,4294967295,0,0
SpikeD,1856,240,75DE48EB,0,1,1,4294967295,0,0
SpikeU,1920,96,0247CBC3,0,1,1,4294967295,0,0
SpikeL,2000,224,C6FCD7DD,0,1,1,4294967295,0,0
SpikeR,1936,192,353104D3,0,1,1,4294967295,0,0
SpikeL,1984,128,0646DFD5,0,1,1,4294967295,0,0
SpikeU,1952,400,5D4ECDD3,0,1,1,4294967295,0,0
SpikeU,1984,400,8F53937B,0,1,1,4294967295,0,0
SpikeU,2016,400,272D71BC,0,1,1,4294967295,0,0
SpikeU,2048,384,CB4B5F14,0,1,1,4294967295,0,0
SpikeD,2144,384,82C247CD,0,1,1,4294967295,0,0
SpikeR,2112,256,9B4F7445,0,1,1,4278583040,0,1
SpikeR,2112,226,0DA95A81,0,1,0.9,4281335552,0,1
SpikeR,2048,161,774EDC95,0,1,0.9,4279828224,0,1
SpikeR,608,480,535059F8,0,1,1,4280942336,0,1
SpikeR,608,288,677AAE43,0,1,1,4280942336,0,1
SpikeR,608,192,48E5C058,0,1,1,4280942336,0,1
SpikeR,608,96,9924F729,0,1,1,4280942336,0,1
SpikeD,2256,32,C90ED898,0,1,1,4294967295,0,0
SpikeD,2272,176,85B4D139,0,1,1,4294967295,0,0
SpikeD,2304,176,CDBFBF47,0,1,1,4294967295,0,0
SpikeD,2336,176,53A16A9C,0,1,1,4294967295,0,0
SpikeR,2336,224,04EA7AEF,0,1,1,4281335552,0,1
SpikeU,1888,448,465A4AF0,0,1,1,4294967295,0,0
SpikeD,1696,384,53889739,0,1,1,4294967295,0,0
SpikeL,1728,448,ACC9007C,0,1,1,4294967295,0,0
SpikeD,1664,448,52A7FAF5,0,1,1,4294967295,0,0
SpikeR,1648,480,6FF1F205,0,1,1,4294967295,0,0
SpikeU,1760,112,06127B3D,0,1,1,4294967295,0,0
SpikeL,1280,544,2213125A,0,1,1,4294967295,0,0
SpikeR,1632,224,5A52770E,0,1,1,4279828224,0,1
SpikeD,256,480,D792C7DE,0,1,1,4294967295,0,0
SpikeD,288,480,919EDFD0,0,1,1,4294967295,0,0
SpikeU,272,480,99CA25E2,0,1,1,4294967295,0,0
SpikeL,2208,112,C710EBD0,0,1,1,4294967295,0,0
SpikeU,2144,64,BB0ABFBC,0,1,1,4294967295,0,0
SpikeHardD,2048,496,CE4B3544,0,1,1,4294967295,0,0
MiniSpikeHardD,2128,416,73066F69,0,1,1,4294967295,0,0
MiniSpikeHardD,2176,416,D43C992C,0,1,1,4294967295,0,0
SpikeHardD,1792,256,7C6AC2D4,0,1,1,4294967295,0,0
SpikeHardD,944,480,20E12DCD,0,1,1,4294967295,0,0
SpikeHardU,992,544,59B0F56F,0,1,1,4294967295,0,0
MiniSpikeHardD,1232,528,C273BA69,0,1,1,4294967295,0,0
MiniSpikeHardU,1232,512,3E9D7FCB,0,1,1,4294967295,0,0
MiniSpikeHardU,1216,240,C870CE0E,0,1,1,4294967295,0,0
MiniSpikeHardD,1216,256,55C1AB56,0,1,1,4294967295,0,0
MiniSpikeHardD,1376,256,7FE1B11A,0,1,1,4294967295,0,0
MiniSpikeHardU,1376,240,821BA21E,0,1,1,4294967295,0,0
MiniSpikeHardU,1072,192,865E2974,0,1,1,4294967295,0,0
MiniSpikeHardD,1072,304,05054502,0,1,1,4294967295,0,0
MiniSpikeHardD,976,32,0079962D,0,1,1,4294967295,0,0
MiniSpikeHardD,992,32,4DB375A4,0,1,1,4294967295,0,0
MiniSpikeHardD,1008,32,1A6BB4AD,0,1,1,4294967295,0,0
MiniSpikeHardU,1120,112,C0C4E317,0,1,1,4294967295,0,0
MiniSpikeHardD,1168,32,C65FDE5C,0,1,1,4294967295,0,0
MiniSpikeHardU,1232,112,282847D4,0,1,1,4294967295,0,0
MiniSpikeHardD,1296,32,78C0903F,0,1,1,4294967295,0,0
MiniSpikeHardD,1408,32,332BFDD1,0,1,1,4294967295,0,0
SpikeHardD,1520,32,983822BA,0,1,1,4294967295,0,0
SpikeHardL,1536,48,1D281F41,0,1,1,4294967295,0,0
SpikeHardL,704,256,8AAEE763,0,1,1,4294967295,0,0
SpikeHardR,704,384,F1467C36,0,1,1,4294967295,0,0
SpikeHardR,32,432,20CED243,0,1,1,4294967295,0,0
SpikeHardL,224,432,171F02E1,0,1,1,4294967295,0,0
MiniSpikeHardL,560,288,0422B87F,0,1,1,4294967295,0,0
MiniSpikeHardL,464,544,EB442B7A,0,1,1,4294967295,0,0
MiniSpikeHardR,512,544,1C1AA4CD,0,1,1,4294967295,0,0
MiniSpikeHardU,96,112,14D89961,0,1,1,4294967295,0,0
MiniSpikeHardL,240,48,D99E0790,0,1,1,4294967295,0,0
MiniSpikeHardL,240,64,6E99F850,0,1,1,4294967295,0,0
MiniSpikeHardL,240,80,25A72062,0,1,1,4294967295,0,0
MiniSpikeHardL,240,96,21950241,0,1,1,4294967295,0,0
SpikeHardU,208,528,51CDD623,0,1,1,4294967295,0,0
Jumper,1888,352,A3EBEFBA,0,1,1,4294967295,0,1
Jumper,1056,352,62351E3F,0,1,1,4294967295,0,1
MiniSpikeHardU,944,112,9443DAF2,0,1,1,4294967295,0,0
SpikeHardU,1312,256,0B983EB5,0,1,1,4294967295,0,0
MiniSpikeHardR,1504,576,C73519B8,0,1,1,4294967295,0,0
MiniSpikeHardL,1520,576,C157F2DB,0,1,1,4294967295,0,0
MiniSpikeHardL,1200,384,56B970FD,0,1,1,4294967295,0,0
MiniSpikeHardL,2128,192,1EB15F9D,0,1,1,4294967295,0,0
MiniSpikeHardL,2112,160,D1FD4F6A,0,1,1,4294967295,0,0
MiniSpikeHardL,2112,176,CD2C17EB,0,1,1,4294967295,0,0
MiniSpikeHardD,2048,128,23EC93DB,0,1,1,4294967295,0,0
MiniSpikeHardR,2272,112,BBE302A2,0,1,1,4294967295,0,0
SpikeHardU,2256,128,09A0C229,0,1,1,4294967295,0,0
SpikeHardU,2352,128,F413DF15,0,1,1,4294967295,0,0
MiniSpikeHardL,2352,112,282A8C31,0,1,1,4294967295,0,0
Warp,672,32,0C9C9034,0,1,1,4294967295,0,1
Warp,896,384,46307925,0,1,1,4294967295,0,1
Warp,1632,384,635BFDE7,0,1,1,4294967295,0,1
WarpToHub,32,544,116EE4FD,0,1,1,4294967295,0,0
Block,0,0,7DAE8ADC,0,25,1,4294967295,0,0
Block,768,32,933A605F,0,1,18,4294967295,0,0
Block,0,32,0D040C1E,0,1,18,4294967295,0,0
Block,32,576,2816F5D2,0,3,1,4294967295,0,0
Block,128,544,D75A37BB,0,1,2,4294967295,0,0
Block,160,160,8A070518,0,1,14,4294967295,0,0
Block,64,256,EE48C90E,0,3,1,4294967295,0,0
Block,32,480,0E6CBEC0,0,3,1,4294967295,0,0
Block,256,32,A9F23C0E,0,2,3,4294967295,0,0
Block,256,128,A85845E7,0,1,2,4294967295,0,0
Block,256,192,040997D1,0,2,9,4294967295,0,0
Block,192,576,4B612738,0,7,1,4294967295,0,0
Block,480,544,CCD958B9,0,1,1,4294967295,0,0
Block,576,576,CD0E35E8,0,6,1,4294967295,0,0
Block,640,512,76B5DC24,0,1,1,4294967295,0,0
Block,480,32,7CA9A966,0,1,5,4294967295,0,0
Block,576,80,E00A1438,0,1,16,4294967295,0,0
Block,352,512,F7FBCF1F,0,2,1,4294967295,0,0
Block,352,96,FF7D8FC7,0,2,1,4294967295,0,0
Block,384,128,B6FA77A4,0,1,6,4294967295,0,0
Block,464,192,AE3E2260,0,1,1,4294967295,0,0
Block,480,224,5C4F563F,0,1,9,4294967295,0,0
Block,400,352,3A381724,0,1,1,4294967295,0,0
Block,640,32,E71358EF,0,1,2,4294967295,0,0
Block,704,32,933887B9,0,2,1,4294967295,0,0
KillBlock,416,576,1D9E5335,0,5,1,4294967295,0,0
KillBlock,320,544,C3B8F7F9,0,3,1,4294967295,0,0
KillBlock,32,160,4CB2D5DA,0,2.5,1,4294967295,0,0
Block,384,416,8079708E,0,1,3,4294967295,0,0
KillBlock,640,96,56377D84,0,1,13,4294967295,0,0
KillBlock,672,384,4032948E,0,1,1,4294967295,0,0
KillBlock,704,64,A32BA6E2,0,2,1,4294967295,0,0
KillBlock,672,192,0BF0B798,0,1,1,4294967295,0,0
KillBlock,736,256,59BD634E,0,1,1,4294967295,0,0
Block,800,0,F884790F,0,25,1,4294967295,0,0
Block,1568,32,3BBF6D12,0,1,18,4294967295,0,0
Block,1536,576,FB97A7F1,0,1,1,4294967295,0,0
Block,1472,576,F8CB6C45,0,1,1,4294967295,0,0
Block,1440,544,1AA16370,0,1,2,4294967295,0,0
Block,1280,576,C892D304,0,5,1,4294967295,0,0
Block,1280,512,264E4E1F,0,2,1,4294967295,0,0
Block,1280,448,6316BE3F,0,1,1,4294967295,0,0
Block,1344,448,5A08C83E,0,1,1,4294967295,0,0
Block,1376,416,206047F4,0,1,3,4294967295,0,0
Block,1504,464,ADCD8FCF,0,1,1.5,4294967295,0,0
Block,800,32,D53570AC,0,1,18,4294967295,0,0
Block,832,576,67E24867,0,2,1,4294967295,0,0
Block,832,128,EC6FC8D0,0,2,1,4294967295,0,0
ConveyorLeft,896,128,EA4807DD,0,1,1,4294967295,0,1
ConveyorLeft,928,128,3EE194BE,0,1,1,4294967295,0,1
ConveyorLeft,960,128,1F017B8A,0,1,1,4294967295,0,1
ConveyorLeft,992,128,6964B583,0,1,1,4294967295,0,1
Block,1024,160,DA40D56F,0,1,1,4294967295,0,0
ConveyorLeft,1024,128,7D030B74,0,1,1,4294967295,0,1
ConveyorLeft,1056,128,215E82E3,0,1,1,4294967295,0,1
ConveyorLeft,1088,128,610B1EB9,0,1,1,4294967295,0,1
ConveyorRight,1120,128,DC0E0912,0,1,1,4294967295,0,1
ConveyorRight,1152,128,1B244292,0,1,1,4294967295,0,1
ConveyorRight,1184,128,50BAB546,0,1,1,4294967295,0,0
ConveyorRight,1504,128,28FAFE4A,0,1,1,4294967295,0,1
ConveyorRight,1472,128,D18FE02A,0,1,1,4294967295,0,1
ConveyorRight,1440,128,AC41697F,0,1,1,4294967295,0,1
ConveyorLeft,1408,128,70EAF1C6,0,1,1,4294967295,0,0
ConveyorLeft,1376,128,BE738524,0,1,1,4294967295,0,0
ConveyorLeft,1344,128,65479481,0,1,1,4294967295,0,0
ConveyorLeft,1312,128,D9587EF9,0,1,1,4294967295,0,0
ConveyorLeft,1280,128,58DE8199,0,1,1,4294967295,0,0
ConveyorLeft,1248,128,75338C57,0,1,1,4294967295,0,0
ConveyorLeft,1216,128,5A2490DD,0,1,1,4294967295,0,0
KillBlock,1120,160,8B377081,0,1,1,4294967295,0,1
Block,1504,320,A6062944,0,2,1,4294967295,0,0
Block,896,320,96EFBE20,0,1,1,4294967295,0,0
Block,1312,320,BAB6A29F,0,1,1,4294967295,0,0
KillBlock,1312,288,E02F6C2D,0,1,1,4294967295,0,1
Block,1440,320,7014B875,0,1,1,4294967295,0,0
KillBlock,896,288,F13C964A,0,1,1,4294967295,0,1
Block,864,352,C58D43B6,0,6,1,4294967295,0,0
Block,864,384,BB2E82AA,0,1,1,4294967295,0,0
Block,864,416,0709D27C,0,2,1,4294967295,0,0
Block,864,448,F61730B3,0,12,1,4294967295,0,0
Block,1216,384,37506322,0,1,1,4294967295,0,0
ConveyorLeft,1312,448,D32C6C91,0,1,1,4294967295,0,1
ConveyorRight,1248,576,8A8DFAF1,0,1,1,4294967295,0,1
ConveyorLeft,1216,576,1C92EA09,0,1,1,4294967295,0,0
ConveyorLeft,1184,576,472ECBA0,0,1,1,4294967295,0,0
ConveyorLeft,1152,576,EA73F03B,0,1,1,4294967295,0,1
ConveyorLeft,1120,576,E865C197,0,1,1,4294967295,0,1
ConveyorRight,896,576,70FA69FD,0,1,1,4294967295,0,0
ConveyorRight,928,576,FE0372DC,0,1,1,4294967295,0,0
ConveyorRight,960,576,0765920E,0,1,1,4294967295,0,0
ConveyorRight,992,576,7C7CB575,0,1,1,4294967295,0,0
ConveyorRight,1024,576,24920F23,0,1,1,4294967295,0,0
ConveyorRight,1056,576,38531DE5,0,1,1,4294967295,0,1
ConveyorRight,1088,576,BCCCBF63,0,1,1,4294967295,0,1
Block,1472,464,126D360B,0,1,1,4294967295,0,0
Block,1408,464,86423D0A,0,1,1,4294967295,0,0
Block,1280,384,86B82019,0,1,1,4294967295,0,0
Block,1088,352,26C247EF,0,15,1,4294967295,0,0
Block,1600,0,B524106F,0,1,4,4294967295,0,0
Block,1632,0,3E7B9853,0,20,1,4294967295,0,0
Block,2368,0,248FC37B,0,1,1,4294967295,0,0
Block,2368,32,FED3BFBF,0,1,5,4294967295,0,0
Block,2240,160,F968E339,0,1,1,4294967295,0,0
Block,2240,128,5D4CD785,0,1,1,4294967295,0,0
Block,2144,96,8FEE0AC0,0,1,1,4294967295,0,0
Block,2048,96,D428D316,0,1,1,4294967295,0,0
Block,2016,96,FCF2D3EF,0,1,7,4294967295,0,0
Block,2016,32,4C21916F,0,1,1,4294967295,0,0
Block,1632,96,D6F81111,0,1,1,4294967295,0,0
Block,1696,96,ECFAAF22,0,1,1,4294967295,0,0
Block,1600,160,C7F399B0,0,1,14,4294967295,0,0
Block,1760,128,3F8824EF,0,1,5,4294967295,0,0
Block,1920,128,C8AE5939,0,1,4,4294967295,0,0
KillBlock,1792,224,7A3E0CBE,0,4,1,4294967295,0,0
Block,1920,288,B696F5F5,0,1,3,4294967295,0,0
ConveyorRight,1632,352,86963790,0,1,1,4294967295,0,0
ConveyorRight,1664,352,C98F08CA,0,1,1,4294967295,0,0
ConveyorRight,1696,352,42F7A6F7,0,1,1,4294967295,0,0
ConveyorRight,1728,352,BAF5E3C3,0,1,1,4294967295,0,0
ConveyorRight,1760,352,67EB05CF,0,1,1,4294967295,0,0
ConveyorRight,1792,352,DAA349B6,0,1,1,4294967295,0,0
ConveyorRight,1824,352,DF3E45A0,0,1,1,4294967295,0,1
ConveyorRight,1856,352,17D90444,0,1,1,4294967295,0,1
Block,1888,384,3E01469A,0,2,1.5,4294967295,0,0
Block,1888,432,7ED0E12E,0,1,1,4294967295,0,0
Block,2080,384,495A1470,0,0.5,1.5,4294967295,0,0
Block,2144,352,E006C4B2,0,6.5,1,4294967295,0,0
Block,2144,336,CC5D95A7,0,1,0.5,4294967295,0,0
Block,2016,64,020FB1E7,0,1,1,4294967295,0,0
Block,2160,256,7B09C2BF,0,1,2,4294967295,0,0
Block,2128,160,2ECC0E54,0,1,1,4294967295,0,0
Block,2160,160,66E1D985,0,1,1,4294967295,0,0
Block,2144,192,BCEF2D8B,0,2,2,4294967295,0,0
Block,2224,160,7BEF0698,0,0.5,1,4294967295,0,0
Block,2384,192,CB3F4B72,0,0.5,3,4294967295,0,0
Block,2368,288,14F6BC3E,0,1,10,4294967295,0,0
Block,2096,368,FFEDEB5E,0,1,2.5,4294967295,0,0
Block,2112,352,AF5CE1BA,0,1,0.5,4294967295,0,0
Block,2128,368,572177C9,0,0.5,1.5,4294967295,0,0
KillBlock,2272,0,D37DA632,0,3,1,4294967295,0,0
ConveyorRight,2336,288,46C96888,0,1,1,4294967295,0,1
ConveyorRight,2304,288,BBABB252,0,1,1,4294967295,0,1
ConveyorRight,2272,288,0191912B,0,1,1,4294967295,0,1
ConveyorRight,2240,288,01042CBB,0,1,1,4294967295,0,1
ConveyorRight,2208,288,D189D892,0,1,1,4294967295,0,1
Block,2176,384,CD77573B,0,0.5,1,4294967295,0,0
Block,2192,384,6A4E1B2E,0,1,3,4294967295,0,0
Block,2144,464,1A689017,0,1,1.5,4294967295,0,0
Block,2080,480,08200E3C,0,2,1,4294967295,0,0
Block,2016,480,804476D5,0,1,1,4294967295,0,0
KillBlock,2048,480,B20C129D,0,1,1,4294967295,0,0
Block,1984,496,777D2498,0,1,1,4294967295,0,0
Block,1952,464,D8409C47,0,1,1,4294967295,0,0
Block,1888,480,BB3FE3B2,0,2,1,4294967295,0,0
Block,1760,448,FE52998B,0,3,4,4294967295,0,0
Block,1824,576,F3762E5E,0,1,1,4294967295,0,0
Block,1664,384,AE507E21,0,1,2,4294967295,0,0
MediumBlock,1984,576,E9FD729F,0,1,1,4294967295,0,0
AntiSoftlockBlock,1440,416,7DC04ACE,0,1,2,4294967295,0,1
TrapRedirect,256,448,DB873348,0,1,1,4294967295,0,0
TrapRedirect,160,448,9ECF05E0,0,1,1,4294967295,0,0
TrapRedirect,160,160,3B9B3D7B,0,1,1,4294967295,0,0
TrapRedirect,160,0,AFFF5C3E,0,1,1,4294967295,0,0
Platform,128,320,A1F90C7D,0,1,1,4279435008,0,1
Platform,128,448,0725EA22,0,1,1,4279435008,0,1
Platform,96,128,812A1668,0,1,1,4294967295,0,0
Platform,192,64,4EBB50FC,0,1,1,4279435008,0,1
Platform,224,64,E37741E6,0,1,1,4279435008,0,1
Platform,352,480,BD0BCAFC,0,1,1,4279435008,0,1
SavePointHard,128,224,E43584CA,0,1,1,4294967295,0,0
SavePointHard,384,64,F8674BDE,0,1,1,4294967295,0,0
SavePointHard,480,512,33FF837D,0,1,1,4294967295,0,0
SavePointHard,576,32,C8FA64FF,0,1,1,4294967295,0,0
BulletBlock,512,416,4EA2B6EA,0,1,1,4294967295,0,0
BulletBlock,512,192,22CBED8F,0,1,1,4294967295,0,0
Platform,544,80,C23E4AE9,0,1,1,4294967295,0,0
Platform,512,352,B0E8C7C3,0,1,1,4279435008,0,1
SavePointHard,864,96,B2BDE3D2,0,1,1,4294967295,0,0
SavePointHard,1536,288,0C597CEB,0,1,1,4294967295,0,0
Jumper,1472,320,CF3FB553,0,1,1,4294967295,0,0
Jumper,1408,320,F3F7CB86,0,1,1,4294967295,0,0
Jumper,1376,320,EF318622,0,1,1,4294967295,0,0
Jumper,1344,320,29C54AE8,0,1,1,4294967295,0,0
Jumper,928,320,181F4FD9,0,1,1,4294967295,0,0
Jumper,960,320,C5942595,0,1,1,4294967295,0,0
Jumper,992,320,2A16DABB,0,1,1,4294967295,0,0
Jumper,1024,320,CA6B2C12,0,1,1,4294967295,0,0
Jumper,1056,320,426DF0A1,0,1,1,4294967295,0,0
Jumper,1088,320,875CE543,0,1,1,4294967295,0,0
Jumper,1120,320,14838DC6,0,1,1,4294967295,0,0
Jumper,1152,320,4C6605A4,0,1,1,4294967295,0,0
Jumper,1184,320,479CBB40,0,1,1,4294967295,0,0
Jumper,1216,320,57FD8445,0,1,1,4294967295,0,0
Jumper,1248,320,0B0220B4,0,1,1,4294967295,0,0
Jumper,1280,320,C2911BF2,0,1,1,4294967295,0,0
SavePointHard,864,320,994A009A,0,1,1,4294967295,0,0
ShootBlock,864,480,37564F25,0,1,1,4294967295,0,0
ShootBlock,864,512,070F6118,0,1,1,4294967295,0,0
ShootBlock,864,544,B662F569,0,1,1,4294967295,0,0
ShootBlock,928,416,A0E7B66A,0,1,1,4294967295,0,0
ShootBlock,960,416,7B6D7A9D,0,1,1,4294967295,0,0
ShootBlock,992,416,E0AB5074,0,1,1,4294967295,0,0
ShootBlock,1024,416,703DD47F,0,1,1,4294967295,0,0
ShootBlock,1088,416,60B192C1,0,1,1,4294967295,0,0
ShootBlock,1120,416,BCDAA5CB,0,1,1,4294967295,0,0
ShootBlock,1152,416,A01DD98D,0,1,1,4294967295,0,0
ShootBlock,1184,416,9DDABD88,0,1,1,4294967295,0,0
ShootBlock,1216,416,2FC0C288,0,1,1,4294967295,0,0
ShootBlock,1248,416,62897AD2,0,1,1,4294967295,0,0
Platform,1536,496,6E059644,0,1,1,4294967295,0,0
ShootBlock,1280,480,5B5E1264,0,1,1,4294967295,0,0
ShootBlock,1440,384,23C3FE8E,0,1,1,4294967295,0,0
ShootBlock,1440,416,D659337D,0,1,1,4294967295,0,0
FakeBlock,1248,384,9A0FFB39,0,1,1,4294967295,0,0
FakeBlock,1472,384,DA42B0D1,0,1,1,4294967295,0,0
YokuBlock,1504,512,071AC537,0,1,1,4294967295,0,0
TrapRedirect,1024,160,1BD4B56B,0,1,1,4294967295,0,0
TrapRedirect,1024,320,DA54B96D,0,1,1,4294967295,0,0
TrapRedirect,1280,480,9E6CBDB4,0,1,1,4294967295,0,0
TrapRedirect,896,128,3E585E41,0,20,1,4294967295,0,0
TrapRedirect,896,0,C1B2FC84,0,20,1,4294967295,0,0
CherryBounce,1456,224,76F26A92,0,1,1,4294967295,0,0
FakeBlock,1056,352,FAC28104,0,1,1,4294967295,0,0
ShootBlock,1632,128,A4ECCD64,0,0.5,1,4294967295,0,0
ShootBlock,1952,256,7E50CE42,0,1,1,4294967295,0,0
ShootBlock,1984,256,1A110934,0,1,1,4294967295,0,0
FakeBlock,1888,352,7F21FE98,0,1,1,4294967295,0,0
Platform,1664,96,6D545CFD,0,1,1,4280221440,0,1
Platform,1856,160,21AD2A09,0,1,1,4279368960,0,1
BulletBlock,1856,192,0086B7A9,0,1,1,4294967295,0,0
Platform,1952,416,82841916,0,1,1,4294967295,0,0
Platform,1984,416,7B2CC10A,0,1,1,4294967295,0,0
Platform,2016,416,44B77554,0,1,1,4294967295,0,0
Platform,2048,416,149D6DBA,0,1,1,4294967295,0,0
ShootBlock,2048,256,55138EE6,0,1,1,4294967295,0,0
ShootBlock,2080,272,BE67085E,0,1,1,4294967295,0,0
SavePointHard,2112,320,CB8044D3,0,1,1,4294967295,0,0
TrapRedirect,2016,160,2E6D6C1B,0,1,3,4294967295,0,0
ShootBlock,2176,96,3D13D731,0,1,1,4294967295,0,0
SolidSprite,2176,128,FD105052,0,1,1,4281335552,0,1
ShootBlock,2208,128,79170B7E,0,1,1,4294967295,0,0
ShootBlock,2240,96,B3A39F15,0,1,1,4294967295,0,0
SolidSprite,2208,96,0C33FA42,0,1,1,4281335552,0,1
Jumper,2272,160,5CAA2412,0,1,1,4294967295,0,0
Jumper,2304,160,C59718E9,0,1,1,4294967295,0,0
Jumper,2336,160,90261DA7,0,1,1,4294967295,0,0
TrapRedirect,2128,160,6F4C43C3,0,1,1,4294967295,0,0
ShootBlock,2304,528,E72304F5,0,1,1,4294967295,0,0
Platform,2336,544,F30B0D54,0,1,1,4279041792,0,1
ShootBlock,1856,448,A65656B8,0,1,1,4294967295,0,0
ShootBlock,1760,576,EC233A4B,0,1,1,4294967295,0,0
Platform,1792,576,A980A835,0,1,1,4279041792,0,1
SavePointHard,1824,416,280CA65A,0,1,1,4294967295,0,0
BulletBlock,1760,384,C541321C,0,1,2,4294967295,0,0
ShootBlock,1632,448,2B7B49DE,0,1,1,4294967295,0,0
ShootBlock,1632,480,834C2486,0,1,1,4294967295,0,0
SavePointHard,1696,64,50C6643E,0,1,1,4294967295,0,0
BulletBlock,1760,64,6006917B,0,1,1,4294967295,0,0
FakeBlock,1280,544,78FF04DF,0,1,1,4294967295,0,0
TrapRedirect,1280,544,48DE74EC,0,1,1,4294967295,0,0
SavePointMedium,1536,448,FFCFAD3D,0,1,1,4294967295,0,0
TrapRedirect,2384,224,5B92568B,0,0.5,1,4294967295,0,0
TrapRedirect,2144,224,4DA66BA6,0,2,1,4294967295,0,0
Platform,2208,240,AD0BCF56,0,1,1,4294967295,0,0
Platform,2240,240,1AE28902,0,1,1,4294967295,0,0
Platform,2272,240,C2AA0D38,0,1,1,4294967295,0,0
Platform,2304,240,B8EABEBA,0,1,1,4294967295,0,0
MusicPlayer,64,32,2A0563E2,0,1,1,4294967295,0,1
SavePointMedium,2048,64,D6220ED9,0,1,1,4294967295,0,0
LiftBlock,2080,160,E75209C0,0,1,1,4294967295,0,1
LiftBlock,2048,224,532D982D,0,1,1,4294967295,0,1
LiftBlock,2080,224,E0E3B270,0,1,1,4294967295,0,1
SavePointHard,2208,192,07B72B67,0,1,1,4294967295,0,0
ShootBlock,1648,128,DF20993C,0,0.5,1,4294967295,0,0
ShootBlock,1664,128,CD262F3E,0,0.5,1,4294967295,0,0
ShootBlock,1680,128,B8F7AB03,0,0.5,1,4294967295,0,0
ShootBlock,1696,128,4F9C889A,0,0.5,1,4294967295,0,0
ShootBlock,1712,128,DFFE580C,0,0.5,1,4294967295,0,0
SavePointHard,32,512,FA72049E,0,1,1,4294967295,0,0
BulletBlock,896,96,DF897F1C,0,1,1,4294967295,0,0
BulletBlock,1472,288,D6322F6E,0,1,1,4294967295,0,0
FakeBlock,1504,384,4A2CF0C4,0,1,1,4294967295,0,0
FakeBlock,1536,384,9D25C592,0,1,1,4294967295,0,0
PlayerStart,64,544,F3FB72DC,0,1,1,4294967295,0,0
PlayerStart,832,96,23D157B8,0,1,1,4294967295,0,0
PlayerStart,1632,64,334F76C8,0,1,1,4294967295,0,0
Water1,672,64,470491EA,0,3,16,4294967295,0,0
Water1,1056,384,C668FFC0,0,1,1,4294967295,0,0
Water1,1184,384,7636E86D,0,1,1,4294967295,0,0
Water1,1728,128,AD416690,0,1,0.5,4294967295,0,0
Water1,2176,176,0FF762C8,0,6.5,6,4294967295,0,0
Water1,1632,416,90D479B3,0,1,1,4294967295,0,0
FocusZone,0,256,43251997,0,6,11,4294967295,0,0
FocusZone,0,0,9493BE9D,0,9,8,4294967295,0,0
FocusZone,192,0,2D6F939B,0,3,19,4294967295,0,1
FocusZone,288,0,EDBF812E,0,4,19,4294967295,0,1
FocusZone,416,0,60CF8ECC,0,3,19,4294967295,0,0
FocusZone,320,32,9DA14312,0,5,2,4294967295,0,0
FocusZone,512,0,03E2CE7B,0,3,19,4294967295,0,0
FocusZone,608,0,063EE1FC,0,5,19,4294967295,0,0
FocusZone,192,464,50948E78,0,7,4.5,4294967295,0,0
FocusZone,512,32,C180E633,0,5,2,4294967295,0,0
FocusZone,800,0,CD73EA0D,0,25,5,4294967295,0,0
FocusZone,800,160,36216D7C,0,25,6,4294967295,0,0
FocusZone,800,352,687C6910,0,25,8,4294967295,0,0
FocusZone,1600,0,A2664AB5,0,14,12,4294967295,0,0
FocusZone,1952,0,527B6558,0,7,13.5,4294967295,0,0
FocusZone,2048,0,AD1948ED,0,11,6,4294967295,0,0
FocusZone,2176,192,B4718A2B,0,7,6,4294967295,0,0
FocusZone,1856,384,A7EB0A96,0,17,7,4294967295,0,0
FocusZone,1632,384,B4EDF470,0,7,7,4294967295,0,0
FocusZone,448,512,3037A86C,0,3,1,4294967295,0,0
FocusZone,480,192,6A057DB7,0,2,1,4294967295,0,0
