SectionWarp,816,32,6254A492,0,1,1,4294967295,0,1
SpikeU,-32,416,39D8F1B1,0,1,1,4294967295,0,0
SpikeU,128,544,8292A9CB,0,1,1,4294967295,0,0
SpikeU,160,512,10246BCD,0,2,2,4294967295,0,0
SpikeU,64,480,C1C0F75B,0,1,1,4294967295,270,0
SpikeU,96,416,6F2F7AEE,0,2,2,4294967295,270,0
SpikeU,96,352,BB6BC22A,0,1,1,4294967295,0,0
SpikeD,96,416,37808FA2,0,1,1,4294967295,0,0
SpikeU,192,416,CABBD965,0,1.4142135623731,1.4142135623731,4294967295,45,0
SpikeD,192,320,03D8594B,0,1,1,4294967295,0,0
SpikeU,160,288,A6CAC4FA,0,1,1,4294967295,90,0
SpikeR,224,256,8289786D,0,2,2,4294967295,0,0
SpikeL,192,128,13649EE4,0,1,1,4294967295,0,0
SpikeU,224,384,23071EB2,0,1,1,4294967295,0,0
SpikeD,288,160,EA8BB647,0,1.4142135623731,1.4142135623731,1694498815,315,0
SpikeD,256,160,AD78742E,0,1,1,1694498815,0,0
SpikeL,288,192,D27C89E0,0,1,1,1694498815,0,0
SpikeD,112,176,B38045D2,0,1,1,4294967295,0,0
SpikeU,112,144,06F49251,0,1,1,4294967295,0,0
SpikeR,16,112,77C7EB72,0,1,1,4294967295,0,0
SpikeU,256,64,BB61F83B,0,2,2,4294967295,0,0
SpikeU,320,96,86208A56,0,1,1,855638015,0,0
MiniSpikeUp,224,48,F94D05BC,0,1,1,4294967295,0,0
MiniSpikeUp,240,48,076B32D4,0,1,1,4294967295,0,0
SpikeD,320,224,6F1C31BD,0,1,1,1694498815,0,0
SpikeR,352,128,AD621832,0,1,1,4294967295,0,0
SpikeD,480,176,7DA554E0,0,1,1,4294967295,0,0
SpikeD,704,96,AE4B423A,0,1,1,4294967295,0,0
SpikeU,480,112,E9698BE5,0,1,1,4294967295,0,0
SpikeU,704,32,29DCF1B0,0,1,1,4294967295,0,0
SpikeU,864,160,D47EB5B5,0,1,1,4294967295,0,0
SpikeU,896,256,AA54D16D,0,1,1,4294967295,0,0
SpikeU,928,256,ECC86A3A,0,1,1,4294967295,0,0
MiniSpikeRight,896,32,BF41C784,0,1,1,4294967295,0,0
SpikeL,832,384,2813EBE6,0,1,1,4294967295,0,0
MiniSpikeUp,864,368,8113B3F9,0,1,1,4294967295,0,0
MiniSpikeUp,880,368,71E10EB3,0,1,1,4294967295,0,0
MiniSpikeDown,832,128,F6843DD6,0,1,1,4294967295,0,0
MiniSpikeRight,864,240,34EC72A9,0,-1,1,4294967295,0,0
SpikeU,832,512,9D7B24DB,0,1,1,4294967295,0,0
SpikeU,864,512,F8CE2779,0,1,1,4294967295,0,0
SpikeU,896,512,832B10F2,0,1,1,4294967295,0,0
SpikeU,928,512,A92D1FE8,0,1,1,4294967295,0,0
SpikeU,960,512,12235D06,0,1,1,4294967295,0,0
SpikeU,992,512,268F0118,0,1,1,4294967295,0,0
SpikeU,1024,512,8E2B9C90,0,1,1,4294967295,0,0
SpikeU,1056,288,3FF4312D,0,1,1,4294967295,0,0
SpikeU,1088,64,EA521304,0,1,1,4294967295,0,0
SpikeD,1120,0,A9C93CAC,0,1,1,4294967295,0,1
SpikeU,1120,480,13822586,0,1,1,4294967295,0,0
SpikeD,1152,352,380BA67D,0,1,1,4294967295,0,0
MiniSpikeUp,1088,496,6AABEDEB,0,1,1,4294967295,0,0
MiniSpikeUp,1104,496,3BA7AF17,0,1,1,4294967295,0,0
SpikeU,1152,480,8BE067B3,0,1,1,4294967295,0,0
SpikeU,1184,480,45AF82EC,0,1,1,4294967295,0,0
SpikeU,1216,480,464331F8,0,1,1,4294967295,0,0
SpikeR,1184,320,647F7F85,0,1,1,4294967295,0,0
SpikeU,1280,192,FFB41FFB,0,3,3,4294967295,0,0
SpikeU,1328,96,E4FDA91C,0,1,1,4294967295,0,0
SpikeR,1360,160,2A83251C,0,1,1,4294967295,0,0
SpikeL,1296,160,30E2B337,0,1,1,4294967295,0,0
SpikeU,1488,256,B7BC904B,0,1,1,4294967295,0,0
SpikeU,1520,256,8E173341,0,1,1,4294967295,0,0
SpikeU,1552,256,56918BD4,0,1,1,4294967295,0,0
MiniSpikeRight,1120,152,597A7FF0,0,0.6875,1,1694498815,0,0
MiniSpikeRight,1152,264,BDC447BB,0,-0.875,1.1875,1694498815,0,0
MiniSpikeRight,992,96,A13922FB,0,1,1,4294967295,0,0
MiniSpikeRight,992,80,0AB194CF,0,1,1,4294967295,0,0
SpikeBR,928,48,6D95D5BD,0,1,1,4294967295,0,0
SpikeTR,928,80,0B99E48B,0,1,1,4294967295,0,0
SpikeBR,1248,352,7D7CF9F4,0,1,1,4294967295,0,0
SpikeLB,1456,96,DF2B2BF6,0,1,1,4294967295,0,0
SpikeLT,1456,128,28DB4C5D,0,1,1,4294967295,0,0
SpikeBR,1424,128,129A9754,0,1,1,4294967295,0,0
SpikeTR,1424,96,270724A0,0,1,1,4294967295,0,0
SpikeLB,1424,64,B24CF37A,0,1,1,4294967295,0,0
SpikeTall,1423,64,BD87E64E,0,1,0.5,4294967295,270,0
SpikeTR,1376,64,E522A601,0,1,1,4294967295,0,0
SpikeD,1424,160,FD624E96,0,1,1,4294967295,0,0
Warp,1504,112,8DBCBDBA,0,1,1,4294967295,0,1
FadeWarp,736,576,9C21CF79,0,1,1,4294967295,0,1
Block,0,384,003F7A19,0,1,6,4294967295,0,0
Block,0,576,001A25E1,0,23,1,4294967295,0,0
Block,0,-64,00256BF1,0,15,1,4294967295,0,0
Block,224,416,BAF4585E,0,16,5,4294967295,0,0
Block,320,288,A7F3BF66,0,13,4,4294967295,0,0
Block,96,384,D0B705AD,0,1,1,4294967295,0,0
Block,192,256,5ECA273C,0,1,2,4294967295,0,0
Block,320,160,A0C37F65,0,1,2,4294967295,0,0
Block,224,128,05837972,0,4,1,4294967295,0,0
Block,224,256,0075CED0,0,2,1,4294967295,0,0
Block,224,64,B32EFEF8,0,1,2,4294967295,0,0
Block,320,256,40C4B4A2,0,1,1,4294967295,0,0
Block,448,0,3104C634,0,1,8,4294967295,0,0
Block,768,32,0CD79204,0,1,9,4294967295,0,0
Block,480,144,2F581582,0,1,1,4294967295,0,0
Block,704,64,09EEF14E,0,1,1,4294967295,0,0
Block,832,96,193AB739,0,1,1,4294967295,0,0
Block,864,32,F545D975,0,1,3,4294967295,0,0
Block,960,0,5AD38890,0,1,4,4294967295,0,0
Block,960,128,05D9B7D2,0,1,5,4294967295,0,0
Block,864,192,945668D5,0,1,3,4294967295,0,0
Block,864,288,83B7AEFE,0,4,1,4294967295,0,0
Block,864,384,9D5FF3EA,0,1,1,4294967295,0,0
Block,960,320,09B87BBD,0,1,3,4294967295,0,0
Block,1056,320,1FCD6B9C,0,1,7,4294967295,0,0
Block,800,64,A1C3D8D3,0,1,17,4294967295,0,0
Block,832,544,AECAEDD8,0,8,2,4294967295,0,0
Block,480,-32,9C8C3119,0,35,1,4294967295,0,0
Block,0,-32,B4B5565D,0,1,1,4294967295,0,0
Block,448,-32,BEED05F4,0,1,1,4294967295,0,0
Block,1088,96,0467CB28,0,1,8,4294967295,0,0
Block,1152,0,15C50E70,0,1,11,4294967295,0,0
Block,1088,512,B503ABC8,0,6,3,4294967295,0,0
Block,1248,384,8028B296,0,1,4,4294967295,0,0
Block,1280,288,592EF734,0,10,10,4294967295,0,0
Block,1568,0,EDD3172B,0,1,9.5,4294967295,0,0
Block,1328,128,56BC0351,0,1,5,4294967295,0,0
Block,1376,0,69B5C43F,0,1,2,4294967295,0,0
Block,0,0,F887BC31,0,1,11,4294967295,0,0
Block,768,352,DC7181AB,0,1,2,4294967295,0,0
Block,768,416,88E96774,0,1,5,4294967295,0,0
Block,768,576,DD6C8BF3,0,1,1,4294967295,0,0
Block,704,608,2D8FE087,0,3,1,4294967295,0,0
WallJumpR,224,480,68779695,0,1,1,4294967295,0,0
WallJumpR,224,448,6D4F0274,0,1,1,4294967295,0,0
WallJumpR,224,512,56E059CB,0,1,1,4294967295,0,0
WallJumpL,0,192,3E46BFC2,0,1,1,4294967295,0,0
WallJumpL,0,160,11B1BA8A,0,1,1,4294967295,0,0
CautionFastL,96,384,8F4BAB3E,0,1,1,4294967295,0,0
CautionFastL,0,64,B4322EB7,0,1,1,4294967295,0,0
WallJumpR,960,224,D3547488,0,1,1,4294967295,0,0
WallJumpL,960,160,EB431F32,0,1,1,4294967295,0,0
Signpost,608,256,2A1ED6AB,0,1,1,4294967295,0,1
Signpost,1024,368,29AA00F1,0,1,1,4294967295,0,1
Signpost,-32,544,A670D702,0,1,1,4294967295,0,1
MusicPlayer,32,32,003C2ED2,0,1,1,4294967295,0,1
SavePointHard,32,544,1F8EFB71,0,1,1,4294967295,0,0
GuyCouch,256,384,7EEDBC58,0,1,1,4294967295,0,0
SavePointHard,224,224,7B30E534,0,1,1,4294967295,0,0
BulletBlock,192,224,0D87B7FC,0,1,1,4294967295,0,0
AshGive,384,208,0E4A4F21,0,1,1,4294967295,0,0
Platform,384,256,E7BD6F3D,0,1,1,4294967295,0,0
SavePointHard,832,64,3E863D65,0,1,1,4294967295,0,0
TriggerInstance,928,224,B25A622F,0,1,1,4294967295,0,1
hook,840,337,2176A0CB,0,-1,1,4294967295,0,0
PlatformGizmo,992,400,51C26721,0,2,1,4294967295,0,0
SavePointHard,1008,368,03BD5B27,0,1,1,4294967295,0,0
Cherry,848,304,B5B50EB6,0,1,1,4294967295,0,1
TriggerInstance,1120,32,4492268A,0,1,1,4294967295,0,1
hook,1096,432,3D331DCA,0,-1,1,4294967295,0,0
Platform,1184,304,2B937D34,0,3,1,4294967295,0,0
SavePointHard,1248,272,B593DDDE,0,1,1,4294967295,0,0
hook,1192,208,3BCF7020,0,-1,1,4294967295,0,0
Jumper,1360,256,59FCF0E1,0,1,1,1694498815,0,0
Jumper,1392,256,B1ED9774,0,1,1,1694498815,0,0
Jumper,1424,272,73E23406,0,1,1,1694498815,0,0
Jumper,1456,272,88B923E3,0,1,1,1694498815,0,0
ParallaxBackgroundLayer,64,32,0508535E,0,1,1,4294967295,0,1
ShootBlock,0,352,769BB3D1,0,1,1,4294967295,0,0
GateLeft,768,0,31879B4A,0,1,1,4294967295,0,0
SolidSprite,736,256,AC037B4E,0,1,1,1006632960,0,1
ShootBlock,768,320,7F24F5D7,0,1,1,4294967295,0,0
PlayerStart,64,544,96BD2CE7,0,1,1,4294967295,0,0
