AntiSoftlockBlock,640,864,C464861B,0,2,2,4294967295,0,0
AntiSoftlockBlock,672,160,920A9192,0,1,1,4294967295,0,0
SpikeU,-96,448,7C696B8A,0,1,1,4294967295,0,0
SpikeR,-96,416,5ED9DD22,0,1,1,4294967295,0,0
SpikeD,-64,416,EF08C2C3,0,1,1,4294967295,0,0
SpikeL,-64,448,BD5904FA,0,1,1,4294967295,0,0
MiniSpikeDown,-16,416,9CBABCB1,0,1,1,4294967295,0,0
MiniSpikeRight,-32,416,5F580E04,0,1,1,4294967295,0,0
MiniSpikeLeft,-16,432,36076CB9,0,1,1,4294967295,0,0
MiniSpikeUp,-32,432,91F10E8A,0,1,1,4294967295,0,0
SpikeL,64,128,BB08424D,0,1,1,4294967295,0,0
SpikeR,32,208,75F0FE09,0,1,1,4294967295,0,0
MiniSpikeUp,144,224,B0BCB6EB,0,1,1,4294967295,0,0
MiniSpikeRight,160,240,CB6EC24F,0,1,1,4294967295,0,0
MiniSpikeLeft,176,304,54E6ED78,0,1,1,4294967295,0,0
SpikeU,112,304,BFD41C1A,0,1,1,4294967295,0,0
SpikeD,64,272,7B5BE1E4,0,1,1,4294967295,0,0
MiniSpikeLeft,48,336,F734FBE0,0,1,1,4294967295,0,0
MiniSpikeRight,16,400,B3132A64,0,1,1,4294967295,0,0
SpikeD,176,352,BA595489,0,1,1,4294967295,0,0
MiniSpikeRight,16,368,373C2271,0,1,1,4294967295,0,0
MiniSpikeRight,16,384,E4DC8C83,0,1,1,4294967295,0,0
MiniSpikeDown,64,352,8DED81BC,0,1,1,4294967295,0,0
MiniSpikeDown,112,352,2721F446,0,1,1,4294967295,0,0
MiniSpikeDown,160,352,ED368520,0,1,1,4294967295,0,0
SpikeL,160,480,2E107479,0,1,1,4294967295,0,0
SpikeL,160,512,10E35F5F,0,1,1,4294967295,0,0
SpikeL,128,496,082D2B94,0,1,1,4294967295,0,0
MiniSpikeUp,400,368,BC784127,0,1,1,4294967295,0,0
MiniSpikeDown,400,352,C9A48BEA,0,1,1,4294967295,0,0
MiniSpikeUp,400,336,7E37B4F4,0,1,1,4294967295,0,0
MiniSpikeDown,400,320,0C695564,0,1,1,4294967295,0,0
MiniSpikeUp,400,304,DE677BA7,0,1,1,4294967295,0,0
SpikeL,640,224,0221D020,0,1,1,4294967295,0,0
SpikeL,640,256,57BC1A38,0,1,1,4294967295,0,0
SpikeU,672,192,DACB8A23,0,1,1,4294967295,0,0
SpikeD,704,544,10037446,0,1,1,4294967295,0,0
SpikeU,672,384,B92BB173,0,1,1,4294967295,0,0
SpikeR,720,416,BA794E96,0,1,1,4294967295,0,0
MiniSpikeUp,704,400,C64BC9E7,0,1,1,4294967295,0,0
SpikeU,688,96,5AA3624C,0,1,1,4294967295,0,0
SpikeD,672,288,C3752B9A,0,1,1,4294967295,0,0
SpikeR,576,432,B0A5CD9C,0,1,1,4294967295,0,0
SpikeL,736,336,0C8A8FBC,0,1,1,4294967295,0,0
MiniSpikeDown,656,384,3B5C81F4,0,1,1,4294967295,0,0
SpikeU,608,320,9CDCDAE5,0,1,1,4294967295,0,0
SpikeR,640,480,6B729B2F,0,1,1,4294967295,0,0
SpikeHardL,608,480,DC018FAF,0,1,1,4294967295,0,0
SpikeLT,672,704,A5B5DFE4,0,1,1,4294967295,0,0
SpikeBR,704,736,E20C44D8,0,1,1,4294967295,0,0
SpikeTall,736,704,649639FC,0,1,1,4294967295,0,0
SpikeLT,704,768,1E0159A3,0,1,1,4294967295,0,0
SpikeLT,736,736,BB81E3DA,0,1,1,4294967295,0,0
SpikeTR,640,704,6A628C4A,0,1,1,4294967295,0,0
SpikeLB,640,784,D5431BD9,0,1,1,4294967295,0,0
SpikeTR,608,784,89F20111,0,1,1,4294967295,0,0
SpikeU,608,752,4AEC9EFE,0,1,1,4294967295,0,0
SpikeTall,544,704,AFE5BC9B,0,1,1,4294967295,0,0
SpikeTR,544,864,9F349DB5,0,1,1,4294967295,0,0
SpikeR,576,864,AA5B474D,0,1,1,4294967295,0,0
SpikeBR,544,672,35826391,0,1,1,4294967295,0,0
SpikeLT,576,704,10391004,0,1,1,4294967295,0,0
SpikeBR,672,784,0D55E12B,0,1,1,4294967295,0,0
SpikeD,640,816,07580F06,0,1,1,4294967295,0,0
SpikeTR,672,816,10A29DD8,0,1,1,4294967295,0,0
SpikeTall,735,816,BD8E814F,0,1,1,4294967295,270,0
SpikeTall,767,816,4B03F20D,0,1,1,4294967295,270,0
SpikeTall,544,800,A493FBC7,0,1,2,4294967295,0,0
SpikeLT,544,736,92495426,0,1,1,4294967295,0,0
SpikeLB,544,768,476BAE3F,0,1,1,4294967295,0,0
SpikeTR,512,768,3E5705B2,0,1,1,4294967295,0,0
SpikeBR,512,736,21FDF892,0,1,1,4294967295,0,0
SpikeU,656,896,99DDC9B4,0,1,1,4294967295,0,0
SpikeLB,672,896,5761AAD5,0,1,1,4294967295,0,0
Autotiler,64,32,E883BB22,0,1,1,4294967295,0,1
Block,0,176,003F7A19,0,1,6,4294967295,0,0
Block,0,608,001A25E1,0,19,1,4294967295,0,0
Block,768,32,00401B8D,0,1,18,4294967295,0,0
Block,0,0,00256BF1,0,25,1,4294967295,0,0
Block,768,608,5C42078C,0,1,19,4294967295,0,0
Block,768,1216,F76C6A19,0,1,19,4294967295,0,0
Block,0,640,2FC778B6,0,1,18,4294967295,0,0
Block,0,1216,B815AC0E,0,1,19,4294967295,0,0
Block,480,192,6E1D2609,0,3,12,4294967295,0,0
Block,736,608,2F2F4767,0,1,3,4294967295,0,0
Block,192,32,5C0019BE,0,1,10.5,4294967295,0,0
Block,96,128,23E9F3B7,0,3,2,4294967295,0,0
Block,32,240,7BE43B6D,0,4,1,4294967295,0,0
Block,64,336,41F90F54,0,4,0.5,4294967295,0,0
Block,32,416,7F3980EA,0,4,1,4294967295,0,0
Block,0,576,11A492DD,0,1,1,4294967295,0,0
Block,32,576,5EC88677,0,5,1,4294967295,0,0
Block,480,576,00619989,0,3,1,4294967295,0,0
ConveyorLeft,448,576,CE335642,0,1,1,4294967295,0,1
KillBlock,0,32,5240D387,0,1,4.5,4294967295,0,0
Block,0,416,3DC14EF3,0,1,5,4294967295,0,0
Block,0,368,5B2E5E74,0,0.5,1.5,4294967295,0,0
Block,192,416,9373D655,0,1,4,4294967295,0,0
Block,208,368,98775320,0,0.5,1.5,4294967295,0,0
ConveyerStick,416,384,FBBEA22A,0,1,1,4294967295,0,0
ConveyerStick,384,384,6E242B68,0,1,1,4294967295,0,0
ConveyerStick,352,384,2868D153,0,1,1,4294967295,0,0
ConveyerStick,320,384,CE661D25,0,1,1,4294967295,0,0
ConveyerStick,288,384,7AFB66A0,0,1,1,4294967295,0,0
ConveyerStick,256,384,C3637C41,0,1,1,4294967295,0,0
ConveyerStick,224,384,8E4D1D53,0,1,1,4294967295,0,0
ConveyorLeft,416,576,33B4D8EC,0,1,1,4294967295,0,1
ConveyorLeft,384,576,85E23412,0,1,1,4294967295,0,1
ConveyorLeft,352,576,8FD2F940,0,1,1,4294967295,0,1
ConveyorLeft,320,576,CDC9D998,0,1,1,4294967295,0,1
ConveyorLeft,288,576,4ADA0BD2,0,1,1,4294967295,0,1
ConveyorLeft,256,576,7C9ED1B4,0,1,1,4294967295,0,1
ConveyorLeft,224,576,6E46496A,0,1,1,4294967295,0,1
Block,448,464,A65391CE,0,1,0.5,4294967295,0,0
Block,576,576,1ADA203C,0,1,1,4294967295,0,0
Block,480,128,E5256B2C,0,1,2,4294967295,0,0
Block,672,224,F4516C2B,0,1,2,4294967295,0,0
Block,608,352,0230F8D1,0,2,1,4294967295,0,0
Block,624,416,4BDB1019,0,3,2,4294967295,0,0
Block,704,480,0A405922,0,1,2,4294967295,0,0
Block,672,480,379D52B3,0,1,1,4294967295,0,0
Block,688,128,60EAB4AA,0,1,1,4294967295,0,0
ConveyorLeft,704,224,9C609CAA,0,1,1,4294967295,0,1
Block,704,256,3F565DFD,0,1,1,4294967295,0,0
ConveyorLeft,736,576,A75C2681,0,1,1,4294967295,0,1
Block,576,640,0D12479E,0,1,2,4294967295,0,0
Block,608,672,DC2F177B,0,3,1,4294967295,0,0
Block,544,928,11977D0E,0,6,1,4294967295,0,0
Block,736,928,0C28516D,0,1,1,4294967295,0,0
MusicPlayer,32,32,003C2ED2,0,1,1,4294967295,0,1
SavePointMedium,-160,416,168ED2C1,0,1,1,4294967295,0,0
Cherry,-16,464,19FF70DC,0,1,1,4294967295,0,0
BulletBlock,-128,416,45D5B31A,0,1,1,4294967295,0,0
CheryStop,-128,512,91356ED1,0,1,1,4294967295,0,0
CherryMove,-96,512,796AD489,0,1,1,4294967295,0,0
SavePointHard,-160,448,D17012F6,0,1,1,4294967295,0,0
GuySpikeWall,-160,544,3E14B2F5,0,1,1,4294967295,0,0
GuyTrap,-64,512,970CE3D1,0,1,1,4294967295,0,0
SavePointHard,160,96,D4DA51CB,0,1,1,4294967295,0,0
LowSpeedField,-160,384,2EFAF43B,0,1,1,4294967295,0,0
HighSpeedField,-128,384,F4BC8A9F,0,1,1,4294967295,0,0
CheryStop,96,288,B1A757EC,0,7.2727272727273,6.6666666666667,4294967295,0,1
CheryStop,48,112,59D4CF76,0,2.9090909090909,2.6666666666667,4294967295,0,0
SavePointHard,192,576,612DC1D0,0,1,1,4294967295,0,0
CheryStop,496,528,D4CE2315,0,7.2727274894714,6.6666665077209,4294967295,0,1
Ladder,448,416,945DE6D8,0,1,1,4294967295,0,0
Ladder,448,384,106D969E,0,1,1,4294967295,0,0
Cherry,128,416,7E03B481,0,1,1,4294967295,0,1
TrapRedirect,208,368,21741E3A,0,0.5,1.5,4294967295,0,0
TrapRedirect,0,368,2F911D8A,0,0.5,1.5,4294967295,0,0
Platform,64,496,EA107A7F,0,3,1,4294967295,0,0
Cherry,48,576,40B0797E,0,1,1,4294967295,0,1
TrapRedirect,208,496,6E40C3A8,0,0.5,3,4294967295,0,0
TrapRedirect,0,496,2B3FEECD,0,0.5,2.5,4294967295,0,0
Cherry,160,576,D7193626,0,1,1,4294967295,0,1
Cherry,112,512,7F10A616,0,1,1,4294967295,0,1
ShootBlock,224,464,9A87A0EA,0,1,1,4294967295,0,0
ShootBlock,256,464,E30CFFB6,0,1,1,4294967295,0,0
ShootBlock,288,464,49AECF7F,0,1,1,4294967295,0,0
ShootBlock,320,464,63DE4C04,0,1,1,4294967295,0,0
ShootBlock,352,464,AAEC801B,0,1,1,4294967295,0,0
ShootBlock,384,464,9ECC85BE,0,1,1,4294967295,0,0
ShootBlock,416,464,3F13D2EA,0,1,1,4294967295,0,0
Cherry,432,480,ECED7C32,0,1,1,4294967295,0,0
Cherry,400,480,2E15899C,0,1,1,4294967295,0,0
Cherry,368,480,BE97978E,0,1,1,4294967295,0,0
Cherry,336,480,BA820951,0,1,1,4294967295,0,0
Cherry,304,480,73B266CC,0,1,1,4294967295,0,0
Cherry,272,480,D0CE3B03,0,1,1,4294967295,0,0
Platform,256,464,9DE0E8B1,0,6,1,4294967295,0,0
SavePointMedium,320,432,6B340564,0,1,1,4294967295,0,0
CheryStop,464,288,77CCDB24,0,1,1,4294967295,0,0
CheryStop,432,288,B1A2F9E7,0,1,1,4294967295,0,0
CheryStop,400,288,717680B7,0,1,1,4294967295,0,0
CheryStop,368,288,56338240,0,1,1,4294967295,0,0
CheryStop,336,288,643A8CE3,0,1,1,4294967295,0,0
CheryStop,304,288,32DD7163,0,1,1,4294967295,0,0
CheryStop,272,288,476330DE,0,1,1,4294967295,0,0
CheryStop,240,288,EA57FA50,0,1,1,4294967295,0,0
CherryMove,304,336,C1F44CEF,0,1.2,1.2,4294967295,0,0
CherryMove,288,320,3F9BB84C,0,1,1,4294967295,0,0
MoveSwitchBlock,224,272,60B64B38,0,1,1,4294967295,0,0
CheryStop,240,368,6892E214,0,1,1,4294967295,0,0
CherryMove,336,336,C9EF327D,0,1.2,1.2,4294967295,0,0
CherryMove,368,336,31E4C87F,0,1.2,1.2,4294967295,0,0
CherryMove,400,336,368A2BD7,0,1.2,1.2,4294967295,0,0
MoveSwitchBlock,224,160,843FF635,0,1,1,4294967295,0,0
MoveSwitchBlock,256,160,F1F8A1B9,0,1,1,4294967295,0,0
MoveSwitchBlock,288,160,A1EB803B,0,1,1,4294967295,0,0
MoveSwitchBlock,320,160,1C330542,0,1,1,4294967295,0,0
MoveSwitchBlock,352,160,BFE6A389,0,1,1,4294967295,0,0
MoveSwitchBlock,384,160,D10C0AFA,0,1,1,4294967295,0,0
MoveSwitchBlock,416,160,01F75ADE,0,1,1,4294967295,0,0
MoveSwitchBlock,448,160,9468EDB0,0,1,1,4294967295,0,0
SavePointHard,512,160,4D67BD6B,0,1,1,4294967295,0,0
CheryStop,240,112,39699585,0,1,1,4294967295,0,0
CheryStop,272,112,9FC38CC9,0,1,1,4294967295,0,0
CheryStop,304,144,70E43068,0,1,1,4294967295,0,0
CheryStop,336,112,1F182ACB,0,1,1,4294967295,0,0
CheryStop,368,112,BB5BA3B4,0,1,1,4294967295,0,0
CheryStop,400,112,99F04571,0,1,1,4294967295,0,0
CheryStop,432,112,A2145D65,0,1,1,4294967295,0,0
CheryStop,464,144,8DED590D,0,1,1,4294967295,0,0
CherryMove,496,112,CFCCF777,0,1,1,4294967295,0,0
CherryMove,496,80,7A3FE1C6,0,1,1,4294967295,0,0
CherryMove,496,48,CC2C162F,0,1,1,4294967295,0,0
Cherry,624,256,8A0F46B8,0,1,1,4294967295,0,0
Cherry,592,256,ECDA58A8,0,1,1,4294967295,0,0
CheryStop,720,160,B3DF426B,0,1,1,4294967295,0,0
ShootBlock,672,544,AC9C4E7F,0,1,1,4294967295,0,0
ShootBlock,640,544,3BDFDEFF,0,1,1,4294967295,0,0
ShootBlock,608,544,B6292D95,0,1,1,4294967295,0,0
ShootBlock,576,544,BC8C5A50,0,1,1,4294967295,0,0
Platform,704,288,4366F5D9,0,1,1,4294967295,0,0
CherryMove,768,400,DB12FBE5,0,1,1,4294967295,0,0
CherryMove,592,400,D03EBFC0,0,1,1,4294967295,0,0
CheryStop,592,288,8B18AEA5,0,1,1,4294967295,0,0
CheryStop,576,544,F2CE0D6E,0,1,1,4294967295,0,0
CheryStop,624,432,7E53CD94,0,1,1,4294967295,0,0
CheryStop,736,272,C5FA087B,0,1,1,4294967295,0,0
CheryStop,768,176,C6CDCEC0,0,1,1,4294967295,0,0
CheryStop,768,208,307A72B2,0,1,1,4294967295,0,0
SquareRefresher,704,352,B4EE21F3,0,1,1,4294967295,0,0
SavePointHard,640,640,967F96B7,0,1,1,4294967295,0,0
CherryMove,704,736,041C2643,0,1,1,4294967295,0,0
CheryStop,592,768,95950870,0,1,1,4294967295,0,0
SquareRefresher,656,768,68AD1F13,0,1,1,4294967295,0,0
CherryMove,624,720,BD787390,0,1,1,4294967295,0,0
SavePointHard,736,896,335ACB24,0,1,1,4294967295,0,0
PlayerStart,128,96,96BD2CE7,0,1,1,4294967295,0,0
