Autotiler,64,32,E883BB22,0,1,1,4294967295,0,1
Block,0,576,001A25E1,0,5,1,4294967295,0,0
Block,256,544,3D45E327,0,4,2,4294967295,0,0
Block,256,192,FEB5ED90,0,4,4,4294967295,0,0
Block,160,512,BDEA36B5,0,3,3,4294967295,0,0
Block,0,128,350A6C53,0,1,14,4294967295,0,0
Block,320,64,AACE3596,0,3,4,4294967295,0,0
Block,0,96,D4CDB313,0,6,1,4294967295,0,0
Block,192,0,77E52336,0,1,4,4294967295,0,0
Block,224,0,3B09CBD2,0,5,1,4294967295,0,0
Block,384,0,8ADA08D1,0,1,2,4294967295,0,0
Block,384,480,1BE93062,0,3,4,4294967295,0,0
Block,384,224,A654CF04,0,3,2,4294967295,0,0
Block,384,288,2677A774,0,1,2,4294967295,0,0
Block,352,320,70DEFA66,0,1,2,4294967295,0,0
Block,480,224,B7802745,0,2,1,4294967295,0,0
Block,608,480,8821E847,0,4,4,4294967295,0,0
Block,192,192,8AA672E1,0,2,1,4294967295,0,0
Block,224,224,2938D0FD,0,1,1,4294967295,0,0
MusicPlayer,32,32,003C2ED2,0,1,1,4294967295,0,1
BreakableBlock,256,320,7EAED5AE,0,1,1,4294967295,0,0
BreakableBlock,256,352,260B8D5F,0,1,1,4294967295,0,0
BreakableBlock,256,384,E6BB567C,0,1,1,4294967295,0,0
BreakableBlock,256,416,659F6268,0,1,1,4294967295,0,0
BreakableBlock,256,448,32409F96,0,1,1,4294967295,0,0
BreakableBlock,256,480,F34466FA,0,1,1,4294967295,0,0
BreakableBlock,256,512,EF9F4A51,0,1,1,4294967295,0,0
BreakableBlock,288,512,2ABEA9CA,0,1,1,4294967295,0,0
BreakableBlock,320,512,9895B52D,0,1,1,4294967295,0,0
BreakableBlock,320,480,F6C315BA,0,1,1,4294967295,0,0
BreakableBlock,320,448,125A05B9,0,1,1,4294967295,0,0
BreakableBlock,320,416,E34F5F2A,0,1,1,4294967295,0,0
BreakableBlock,320,384,18872787,0,1,1,4294967295,0,0
BreakableBlock,288,352,19658E90,0,1,1,4294967295,0,0
BreakableBlock,288,320,94C3586B,0,1,1,4294967295,0,0
BreakableBlock,288,384,14F59807,0,1,1,4294967295,0,0
BreakableBlock,288,416,5B6DA1D4,0,1,1,4294967295,0,0
BreakableBlock,288,448,D20CEC54,0,1,1,4294967295,0,0
BreakableBlock,288,480,EA4B928A,0,1,1,4294967295,0,0
BreakableBlock,320,352,BB391EC6,0,1,1,4294967295,0,0
BreakableBlock,320,320,CDEEED91,0,1,1,4294967295,0,0
TriNiTrotoluene,192,480,1EB75E09,0,1,1,4294967295,0,0
TriNiTrotoluene,224,480,2EFEB227,0,1,1,4294967295,0,0
TriNiTrotoluene,224,448,F21B0B58,0,1,1,4294967295,0,0
TriNiTrotoluene,288,416,F345CFE7,0,1,1,4294967295,0,0
SavePointHard,128,544,A288999F,0,1,1,4294967295,0,0
PlayerStart,64,544,96BD2CE7,0,1,1,4294967295,0,0
