SpikeL,192,864,1D40679A,0,1,1,4294967295,0,0
SpikeR,256,864,5B5C1D3C,0,1,1,4294967295,0,0
SpikeD,416,736,05C6B77B,0,1,1,4294967295,0,0
SpikeD,480,704,D215FC7E,0,1,1,4294967295,0,0
SpikeD,512,704,BC9FB4A6,0,1,1,4294967295,0,0
SpikeD,544,704,3BFBB2A4,0,1,1,4294967295,0,0
SpikeD,448,336,956F5A11,0,1,1,4294967295,0,0
SpikeD,416,336,3DEBDAFF,0,1,1,4294967295,0,0
SpikeD,384,336,CF6445DA,0,1,1,4294967295,0,0
SpikeR,480,304,06FA3A88,0,1,1,4294967295,0,0
SpikeR,32,512,010E66D0,0,1,1,4294967295,0,0
SpikeL,576,256,57E389A7,0,1,1,4294967295,0,0
SpikeTR,224,544,C55DF62F,0,1,1,4294967295,0,0
SpikeTR,640,64,CC5C5E67,0,1,1,4294967295,0,0
SpikeTR,480,32,FF8EC923,0,1,1,4294967295,0,0
SpikeTR,320,0,8250F6AC,0,1,1,4294967295,0,0
SpikeL,192,512,E029A151,0,1,1,4294967295,0,0
SpikeLT,127,385,FAAFB8D1,0,1,1,4294967295,0,0
SpikeBR,96,385,F76BCC5F,0,1,1,4294967295,0,0
SpikeLT,96,416,ED2FB2D3,0,1,1,4294967295,0,0
SpikeTR,32,416,4DB67D02,0,1,1,4294967295,0,0
SpikeLT,160,0,5F40C3B9,0,1,1,4294967295,0,0
SpikeLT,64,64,7B2A88FA,0,1,1,4294967295,0,0
SpikeTall,64,447,046D4425,0,1,1,4294967295,90,0
Warp,704,944,33AD3682,0,1,1,4294967295,0,1
Autotiler,192,80,8BC64153,0,1,1,4294967295,0,1
Block,32,896,F17CDC5D,0,6,4,4294967295,0,0
Block,128,768,8DF3C17B,0,3,3,4294967295,0,0
Block,224,704,5994B9D0,0,4,5,4294967295,0,0
Block,224,896,01A71C04,0,3,3,4294967295,0,0
Block,416,512,E2E8ADDD,0,1,7,4294967295,0,0
Block,224,512,4580306A,0,6,1,4294967295,0,0
ConveyorLeft,352,832,A654AFD5,0,1,1,4294967295,0,1
Block,608,704,56109F89,0,1,5,4294967295,0,0
Block,480,672,9875848C,0,5,1,4294967295,0,0
ConveyerStick,416,480,D48EA04F,0,1,1,4294967295,0,0
ConveyerStick,384,480,D3B45916,0,1,1,4294967295,0,0
ConveyerStick,352,480,409CA66E,0,1,1,4294967295,0,0
ConveyerStick,320,480,FE01A988,0,1,1,4294967295,0,0
ConveyerStick,288,480,51163F35,0,1,1,4294967295,0,0
ConveyerStick,256,480,EDE1CA07,0,1,1,4294967295,0,0
ConveyerStick,224,480,4A60977C,0,1,1,4294967295,0,0
ConveyerStick,256,272,4C22C84B,0,1,1,4294967295,0,0
ConveyerStick,288,288,7BA6660B,0,1,1,4294967295,0,0
ConveyerStick,320,304,268004DE,0,1,1,4294967295,0,0
ConveyerStick,352,304,65C893C2,0,1,1,4294967295,0,0
ConveyerStick,384,304,76495F5B,0,1,1,4294967295,0,0
ConveyerStick,416,304,E6EC8F23,0,1,1,4294967295,0,0
ConveyerStick,448,304,11991259,0,1,1,4294967295,0,0
Block,608,160,15F1E3DC,0,1,16,4294967295,0,0
Block,672,0,1655EE7B,0,2,28,4294967295,0,0
Block,384,992,028B2B77,0,7,1,4294967295,0,0
Block,416,1024,C22912B8,0,8,1,4294967295,0,0
Block,512,0,462F74C8,0,5,2,4294967295,0,0
Block,352,0,58E9EAEC,0,5,1,4294967295,0,0
Block,0,0,B4906920,0,5,2,4294967295,0,0
Block,0,64,0D658EA8,0,2,11,4294967295,0,0
Block,0,416,500436EB,0,1,8,4294967295,0,0
Block,672,992,A5DD9DCC,0,1,3,4294967295,0,0
Block,320,544,F9476E41,0,3,2,4294967295,0,0
Block,256,544,B8D2F295,0,2,1,4294967295,0,0
Block,384,608,B2D8A529,0,1,2,4294967295,0,0
ConveyorLeft,384,832,E66E881B,0,1,1,4294967295,0,1
ConveyorLeft,416,832,8A849933,0,1,1,4294967295,0,1
ConveyorLeft,448,832,846FF1F4,0,1,1,4294967295,0,1
ConveyorLeft,480,832,25E5F315,0,1,1,4294967295,0,1
ConveyorLeft,512,832,FC9E7A93,0,1,1,4294967295,0,1
ConveyorLeft,544,832,8656A2B2,0,1,1,4294967295,0,1
ConveyorLeft,576,832,DE7027A5,0,1,1,4294967295,0,1
Block,672,896,645DCB52,0,1,0.5,4294967295,0,0
Block,336,864,DCBBD69D,0,9,0.5,4294967295,0,0
ConveyerStick,192,272,260DA25A,0,1,1,4294967295,0,0
ConveyerStick,224,272,862A7BAA,0,1,1,4294967295,0,0
SavePointHard,160,736,BD021679,0,1,1,4294967295,0,0
TrapDestroy,256,864,A222D831,0,1,1,4294967295,0,0
EvilSprite,240,880,8552805A,0,1,1,4294967295,0,1
ShootBlock,448,704,8ECFAF71,0,1,1,4294967295,0,0
CheryStop,448,784,3D4BF089,0,4,4,4294967295,0,1
ShootBlock,480,704,65C8A159,0,1,1,4294967295,0,0
ShootBlock,512,704,D96993F8,0,1,1,4294967295,0,0
ShootBlock,544,704,9D3B9725,0,1,1,4294967295,0,0
Ladder,448,480,691886C5,0,1,1,4294967295,0,0
CheryStop,448,160,14489D6D,0,1,1,4294967295,0,0
CheryStop,416,160,C022F22B,0,1,1,4294967295,0,0
CheryStop,384,160,1A95F367,0,1,1,4294967295,0,0
CheryStop,352,160,1BFAC315,0,1,1,4294967295,0,0
CheryStop,320,160,953C2D68,0,1,1,4294967295,0,0
CheryStop,288,160,9DC7E03C,0,1,1,4294967295,0,0
CheryStop,256,160,2936272B,0,1,1,4294967295,0,0
CherryMove,320,240,CF08B119,0,1.2000000476837,1.2000000476837,4294967295,0,0
CherryMove,448,208,D2FEA221,0,1,1,4294967295,0,0
CherryMove,352,240,53417A6C,0,1.2000000476837,1.2000000476837,4294967295,0,0
CherryMove,384,240,52E72540,0,1.2000000476837,1.2000000476837,4294967295,0,0
CherryMove,416,240,201439AE,0,1.2000000476837,1.2000000476837,4294967295,0,0
Cherry,288,192,42653863,0,1,1,4294967295,0,0
Cherry,288,256,84C44BB0,0,1,1,4294967295,0,0
Cherry,288,224,4F429955,0,1,1,4294967295,0,0
Platform,127,369,7FC0449A,0,2,1,4294967295,0,0
CherryMove,480,208,C5CB4335,0,1,1,4294967295,0,0
CherryMove,480,240,84D7D8A6,0,1,1,4294967295,0,0
CherryMove,480,272,6D0C2CD5,0,1,1,4294967295,0,0
CheryStop,288,464,15C722B4,0,1,1,4294967295,0,0
CheryStop,320,464,7F2E9D0D,0,1,1,4294967295,0,0
CheryStop,384,464,B3E60E2E,0,1,1,4294967295,0,0
CheryStop,416,464,53FF5A43,0,1,1,4294967295,0,0
CheryStop,288,368,13DC3702,0,1,1,4294967295,0,0
CheryStop,320,368,30FE697F,0,1,1,4294967295,0,0
CheryStop,352,416,2AB1E136,0,1,1,4294967295,0,0
CheryStop,384,368,DC2C68EB,0,1,1,4294967295,0,0
CheryStop,416,368,5BF8A032,0,1,1,4294967295,0,0
CheryStop,448,368,2AB755CC,0,1,1,4294967295,0,0
CheryStop,256,368,732FEFD5,0,1,1,4294967295,0,0
CherryMove,264,416,198F31EA,0,1,1,4294967295,0,0
CherryMove,296,416,3F6D03D9,0,1,1,4294967295,0,0
CherryMove,328,416,E33E0F66,0,1,1,4294967295,0,0
CherryMove,376,416,04265BA0,0,1,1,4294967295,0,0
CherryMove,408,416,9D5FE064,0,1,1,4294967295,0,0
CherryMove,440,416,A1019D16,0,1,1,4294967295,0,0
Ladder,448,512,958575BB,0,1,1,4294967295,0,0
Ladder,448,544,2F4005DC,0,1,1,4294967295,0,0
Ladder,448,608,720FBEA3,0,1,1,4294967295,0,0
Ladder,448,576,EEA97489,0,1,1,4294967295,0,0
Ladder,448,672,13099129,0,1,1,4294967295,0,0
Ladder,448,640,137808F9,0,1,1,4294967295,0,0
Platform,544,480,4CA05FD9,0,1,1,4294967295,0,0
SavePointMedium,544,448,83F198BC,0,1,1,4294967295,0,0
SavePointHard,384,928,954E0AD2,0,1,1,4294967295,0,0
Platform,352,960,1EC1BAB5,0,3,1,4294967295,0,0
Platform,560,192,73707871,0,1,1,4294967295,0,0
MusicPlayer,224,80,F2550513,0,1,1,4294967295,0,1
CameraOverride,256,80,7596A364,0,1,1,4294967295,0,1
CameraFull,288,80,C230C76A,0,1,1,4294967295,0,1
ParallaxBackgroundLayer,320,80,C12141E0,0,1,1,4294967295,0,1
PlayerStart,192,736,9A7FF28A,0,1,1,4294967295,0,0
Water3,608,992,463FE79A,0,2,1,4294967295,0,0
