RiskOfRain,-32,0,C7EED3A4,0,0.3456,1.1,4294967295,0,1
TextDraw,400,80,C5FF9D32,0,1.1,1.1,855638015,0,1
SolidSprite,0,416,84C8F3FF,0,4.25,4.25,4294967295,0,1
EvilSprite,32,448,67F231A7,0,0.12,0.12,4294967295,0,1
EvilSprite,32,512,022B1A9D,0,0.15,0.15,4294967295,0,1
SolidSprite,29,317,30E2BFBD,0,0.65,0.65,4294967295,0,1
SolidSprite,29,445,775A3D59,0,1,1,4294967295,0,1
TextDraw,16,576,7E19C58D,0,0.5,0.5,4294967295,0,1
TitleMenu,64,32,00360EC8,0,1,1.1,4294967295,0,1
MusicPlayer,32,32,39B2AA3C,0,1,1.1,4294967295,0,1
TextDraw,400,80,4B2C9F0F,0,0.9,0.9,4294967295,0,1
TextDraw,400,112,09FD8595,0,0.5,0.5,3372220415,0,1
TextDraw,32,160,7513C972,0,0.7,0.7,3372220415,0,1
TextDraw,80,192,341270F4,0,0.5,0.5,3372220415,0,1
TextDraw,80,256,84A0D864,0,0.5,0.5,3372220415,0,1
TextDraw,80,320,A19F5643,0,0.5,0.5,3372220415,0,1
TextDraw,80,384,14EE7270,0,0.5,0.5,3372220415,0,1
TextDraw,80,448,22386AE9,0,0.5,0.5,3372220415,0,1
TextDraw,80,512,082A187D,0,0.5,0.5,3372220415,0,1
