SpikeD,160,32,37C0E5C9,0,1,1,4294967295,0,1
Autotiler,64,32,E883BB22,0,1,1,4294967295,0,1
Block,0,32,003F7A19,0,1,17,4294967295,0,0
Block,0,576,001A25E1,0,25,1,4294967295,0,0
Block,0,0,00256BF1,0,25,1,4294967295,0,0
Block,32,352,B5B033B0,0,7,1,4294967295,0,0
MusicPlayer,32,32,003C2ED2,0,1,1,4294967295,0,1
SavePointMedium,96,320,168ED2C1,0,1,1,4294967295,0,0
IceField,256,224,A0B8A025,0,10,2,4294967295,0,0
TriggerInstance,160,64,DDA7D6DA,0,1,9,4294967295,0,1
aSingleRain,0,0,000BEC45,0,1,1,4294967295,0,0
PlayerStart,64,320,96BD2CE7,0,1,1,4294967295,0,0
RiskOfOcean,32,320,958B21A6,0,5,5,4294967295,0,0
RiskOfOcean,992,320,6D85ABA9,0,5,5,4294967295,0,0
RiskOfOcean,1952,320,18C26D1A,0,5,5,4294967295,0,0
