Moon,736,64,63A69F44,0,1,1,4294967295,0,0
Cloud,496,144,47CD3119,0,1,1,4283585106,0,1
Cloud,48,96,8F8CB67A,0,1,1,4283585106,0,1
FileMenu,96,144,0003AE2C,0,1,1,4294967295,0,0
MusicPlayer,32,32,001767A6,0,1,1,4294967295,0,1
DisplayGlobalItem1,576,64,002B5CAA,0,1,1,4294967295,0,0
DisplayGlobalItem2,608,64,003BEEA6,0,1,1,4294967295,0,0
DisplayGlobalItem3,640,64,0004E366,0,1,1,4294967295,0,0
DisplayGlobalItem4,672,64,00118560,0,1,1,4294967295,0,0
DecoStar,160,64,F17ABC98,0,1,1,4294967295,0,0
DecoStar,272,160,22516C02,0,1,1,4294967295,0,0
DecoStar,400,16,F0035329,0,1,1,4294967295,0,0
DecoStar,512,192,B6EBEF37,0,1,1,4294967295,0,0
DecoStar,752,336,CEC1C67C,0,1,1,4294967295,0,0
DecoStar,512,416,923640CF,0,1,1,4294967295,0,0
DecoStar,272,352,56E0B3A6,0,1,1,4294967295,0,0
DecoStar,48,304,115F7F25,0,1,1,4294967295,0,0
DecoStar,0,112,2767D0BB,0,1,1,4294967295,0,0
DecoStar,464,528,33129BBE,0,1,1,4294967295,0,0
DecoStar,224,512,05F5E0F0,0,1,1,4294967295,0,0
DecoStar,512,48,2DB1FACD,0,1,1,4294967295,0,0
Cloud,256,48,7AC0F109,0,1,1,4283585106,0,0
Cloud,624,16,C1D1A935,0,1,1,4283585106,0,0
