background_gradient,2176,552,0,0,32,56,0,1,1,4278230015
background_gradient,2208,552,0,0,32,56,0,1,1,4278230015
background_gradient,2240,552,0,0,32,56,0,1,1,4278230015
background_gradient,2272,552,0,0,32,56,0,1,1,4278230015
background_gradient,2304,552,0,0,32,56,0,1,1,4278230015
background_gradient,2176,56,0,0,32,56,0,1,-1,4294901808
background_gradient,2208,56,0,0,32,56,0,1,-1,4294901808
background_gradient,2240,56,0,0,32,56,0,1,-1,4294901808
background_gradient,2272,56,0,0,32,56,0,1,-1,4294901808
background_gradient,2304,56,0,0,32,56,0,1,-1,4294901808
background_gradient2,820,160,0,0,53,32,0,-1,1,4294967295
background_gradient2,820,192,0,0,53,32,0,-1,1,4294967295
background_gradient,256,568,0,0,32,56,0,1,1,4278190080
background_gradient,288,568,0,0,32,56,0,1,1,4278190080
background_gradient,256,48,0,0,32,56,0,1,-1,4278190080
background_gradient,288,48,0,0,32,56,0,1,-1,4278190080
tile_IWBTG,832,0,256,192,32,32,0,1,1,4284243036
tile_portal32,2112,416,0,96,32,32,0,1,1,4294967295
tile_portal32,2112,448,0,96,32,32,0,1,1,4294967295
tile_portal32,2112,480,0,96,32,32,0,1,1,4294967295
tile_portal32,2112,512,0,96,32,32,0,1,1,4294967295
