RiskOfOcean,-160,928,053563C0,0,5,5,3372220415,0,1
RiskOfOcean,800,928,7E7F1054,0,5,5,3372220415,0,1
RiskOfOcean,1760,928,B181564B,0,5,5,3372220415,0,1
SpikeR,2208,512,EFDD6BC2,0,1,1,4294967295,0,1
SpikeL,2240,512,F21FD061,0,1,1,4294967295,0,1
Block,896,32,955F4D4F,0,19,3,4294967295,0,0
Block,32,0,8FEDD38F,0,1,10,4294967295,0,0
Block,64,288,03A414EE,0,13.5,1,4294967295,0,0
Block,736,-160,BEC70BEB,0,1,15,4294967295,0,0
Block,-32,0,73C72FD2,0,1,38,4294967295,0,0
Block,64,0,76475DC5,0,21,1,4294967295,0,0
Block,192,576,36237120,0,6,1,4294967295,0,0
Block,128,320,4B38D708,0,6,1,4294967295,0,0
Block,288,544,569FF9E7,0,1,1,4294967295,0,0
Block,272,544,3F60CBA5,0,0.5,1,4294967295,0,0
Block,0,832,21E2BF22,0,25,2,4294967295,0,0
Block,768,896,38EC057E,0,1,11,4294967295,0,0
Block,832,160,7FADD8BE,0,1,5,4294967295,0,0
Block,800,832,3031E323,0,1,11,4294967295,0,0
Block,1632,640,3871770C,0,1,12,4294967295,0,0
Block,1664,992,728133DA,0,22,1,4294967295,0,0
Block,2336,640,4162A110,0,1,11,4294967295,0,0
Block,1664,640,0E0D6D96,0,17,1,4294967295,0,0
Block,2272,640,64595B0B,0,2,1,4294967295,0,0
Block,1664,672,8048E95F,0,7,10,4294967295,0,0
Block,1888,864,9A5F9F64,0,6,4,4294967295,0,0
Block,2080,928,46996B1C,0,8,2,4294967295,0,0
Block,1632,576,059F93C1,0,16,2,4294967295,0,0
Block,2304,576,5C734B33,0,2,2,4294967295,0,0
Block,2400,0,9551150B,0,1,34,4294967295,0,0
Block,2112,544,EFEDC7EC,0,1,1,4294967295,0,0
Block,2304,544,64792E18,0,1,1,4294967295,0,0
Block,2112,512,3B9D643F,0,3,1,4294967295,0,0
Block,2272,512,55D625AA,0,2,1,4294967295,0,0
Block,64,32,04BB8141,0,1,8,4294967295,0,0
Block,96,256,840C2548,0,12.5,1,4294967295,0,0
Block,704,32,B754A004,0,1,7,4294967295,0,0
Block,96,32,F50EBA2A,0,19,1,4294967295,0,0
Block,608,160,45F01A5F,0,2.75,3,4294967295,0,0
Block,128,160,31C82C43,0,6,1,4294967295,0,0
Block,528,256,2DD07551,0,6.5,2,4294967295,0,0
Block,1184,992,E49937F7,0,1,1,4294967295,0,0
Block,1216,1024,F69CA32D,0,1,1,4294967295,0,0
Block,1248,992,F1E5074A,0,1,1,4294967295,0,0
EvilSprite,832,224,DC17E859,0,0.5,0.5,4294967295,0,1
Signpost,2144,480,B2984DC5,0,1,1,4294967295,0,1
EvilSprite,848,352,22A695DE,0,1,1,4294967295,0,1
TextDraw,1184,35,A5A7D535,0,1.5,1.5,4278255615,0,1
MusicPlayer,0,0,206B6B94,0,1,1,4294967295,0,1
ScreenWrap,0,32,8552ECC7,0,1,1,4294967295,0,0
AddTrigger,864,32,ED90D0D4,0,1,1,4294967295,0,1
TextDraw,854,160,CAA13045,0,1,1,4294967295,0,1
TextDraw,850,208,2DEB9E5B,0,0.5,0.5,4294967295,0,1
TextDraw,850,224,3EBAC2CC,0,0.25,0.25,4294967295,0,1
TextDraw,866,288,5692C461,0,0.5,0.5,4294967295,0,1
TextDraw,866,256,BBAF5F9B,0,0.5,0.5,4294967295,0,1
Platform,864,160,ABF58CCC,0,21,2,1526726655,0,1
Platform,864,192,B1282295,0,21,2,1526726655,0,1
Platform,864,224,04781700,0,21,2,1526726655,0,1
Platform,864,320,A834EC66,0,21,2,1526726655,0,1
Platform,864,288,C79895AA,0,21,2,1526726655,0,1
Platform,864,256,47914286,0,21,2,1526726655,0,1
RenexStarParticles,816,16,9BE4D449,0,1,1,4294967295,0,0
SunkitRain,816,48,A3437989,0,1,1,4294967295,0,0
Platform,608,576,63178C5A,0,1,1,4294967295,0,0
Platform,768,576,8A531D73,0,2,1,4294967295,0,0
EvilSprite,832,288,D43BC244,0,0.1199999973178,0.1199999973178,4294967295,0,1
EvilSprite,832,256,B7C336F7,0,0.1500000059605,0.1500000059605,4294967295,0,1
SolidSprite,829,221,EE6BF82A,0,0.6499999761581,0.6499999761581,4294967295,0,1
SolidSprite,829,285,03DFBE94,0,1,1,4294967295,0,1
TextDraw,896,128,BB66A3F5,0,1,1,4294967295,0,1
TextDraw,866,320,E7E7E609,0,0.5,0.5,4294967295,0,1
Gibboulus,308,512,A7917C77,0,-1,1,4294967295,0,1
SolidSprite,240,112,405BC024,0,-1,1,4294967295,0,1
SunkistHimself,276,128,D6D2B467,0,-1,1,4294967295,0,0
Platform,864,512,079A1B12,0,1,1,4294967295,0,0
Platform,928,416,875EEE74,0,1,1,4294967295,0,0
Ladder,2208,640,74AA7482,0,1,1,4294967295,0,0
Ladder,2240,640,5F43A814,0,1,1,4294967295,0,0
Ladder,2240,672,84E7B36E,0,1,1,4294967295,0,0
Ladder,2240,704,9FC5BED8,0,1,1,4294967295,0,0
Ladder,2240,736,79760BE5,0,1,1,4294967295,0,0
Ladder,2240,768,3CE64B19,0,1,1,4294967295,0,0
Ladder,2240,800,F59114E5,0,1,1,4294967295,0,0
Ladder,2240,832,D1FC11BF,0,1,1,4294967295,0,0
Ladder,2240,864,CAA9ED35,0,1,1,4294967295,0,0
Ladder,2240,896,F9C67D39,0,1,1,4294967295,0,0
Ladder,2208,896,607299F5,0,1,1,4294967295,0,0
Ladder,2208,864,9932DF81,0,1,1,4294967295,0,0
Ladder,2208,832,65CF5509,0,1,1,4294967295,0,0
Ladder,2208,800,87684637,0,1,1,4294967295,0,0
Ladder,2208,768,CFB93D80,0,1,1,4294967295,0,0
Ladder,2208,736,BE68BD33,0,1,1,4294967295,0,0
Ladder,2208,704,A6218964,0,1,1,4294967295,0,0
Ladder,2208,672,DD7282F6,0,1,1,4294967295,0,0
Ladder,480,576,7B421740,0,1,1,4294967295,0,0
Ladder,480,608,B093050D,0,1,1,4294967295,0,0
Ladder,480,640,69F5F9C0,0,1,1,4294967295,0,0
Ladder,480,672,BBE1AE59,0,1,1,4294967295,0,0
Ladder,480,704,1CF67A38,0,1,1,4294967295,0,0
Ladder,480,736,2421B109,0,1,1,4294967295,0,0
Ladder,480,768,BAF12162,0,1,1,4294967295,0,0
Ladder,480,800,D5079D47,0,1,1,4294967295,0,0
Platform,480,560,6AC16251,0,1,1,4294967295,0,0
AutoSaver,832,128,33E4D8C6,0,3,1,4294967295,0,1
Platform,1952,816,B5495A40,0,2,1,4294967295,0,0
AutoSaver,2032,672,D4982581,0,1,6,4294967295,0,1
Platform,1552,432,51E68ED2,0,3,1,4294967295,0,0
SolidSprite,1968,784,D2D857BD,0,1,1,4294967295,0,1
SwitchRed,224,544,C920C6AF,0,1,1,4294967295,0,0
Triggered1,2208,512,AECCF6EE,0,1,1,4294967295,0,0
Triggered1,2240,512,1A2CF3C2,0,1,1,4294967295,0,0
Trigger1,2016,672,86CBBF8B,0,2,8,4294967295,0,0
TriggerCode,2128,352,5F7B82F1,0,1,1,4294967295,0,1
TriggerRelay,2128,320,A0B6F46D,0,1,1,4294967295,0,1
TriggerTransformer,1904,704,904A36A7,0,1,1,4294967295,0,1
AddTrigger,352,128,1A5EEE17,0,1,1,4294967295,0,1
MusicPlayerActivated,2096,352,A47E2172,0,1,1,4294967295,0,1
TriggerRelay,2096,320,13035370,0,1,1,4294967295,0,1
AddTrigger,368,480,75ADF446,0,1,1,4294967295,0,1
AddTrigger,1936,704,5B15F705,0,1,1,4294967295,0,1
TriggerRelay,1904,736,35AA3553,0,1,1,4294967295,0,1
TriggeredFree,368,480,E6F2BF32,0,1,1,4294967295,0,1
TriggeredFree,352,128,42416006,0,1,1,4294967295,0,1
TriggeredFree,864,80,8053B2B9,0,1,1,4294967295,0,1
AddTrigger,864,80,8650B2C1,0,1,1,4294967295,0,1
SolidSprite,512,160,81FF675A,0,1,1,4294967295,0,1
SolidSprite,512,192,5862F3B1,0,1,1,4294967295,0,1
TriggerRelay,448,128,86E33708,0,1,1,4294967295,0,1
TriggerRelay,448,160,DCB65386,0,1,1,4294967295,0,1
TriggerFree,1568,64,8AE8155E,0,1,11,4294967295,0,1
TriggerFree,2112,480,06C1203B,0,7,1,4294967295,0,1
Ladder,496,288,42A418F5,0,1,1,4294967295,0,0
Ladder,496,320,DBD86E21,0,1,1,4294967295,0,0
Ladder,496,352,6EADF315,0,1,1,4294967295,0,0
Ladder,496,384,51C1497B,0,1,1,4294967295,0,0
Ladder,496,416,40F5FC7E,0,1,1,4294967295,0,0
Platform,496,448,DDFD9561,0,1,1,4294967295,0,0
AddTrigger,368,416,A3A7DF05,0,1,1,4294967295,0,1
TriggeredFree,368,416,4848AE83,0,1,1,4294967295,0,1
KeyBlockWhite,496,256,54373763,0,1,1,4294967295,0,0
TriggerRelay,224,496,B02C8B3D,0,1,1,4294967295,0,1
TriggerCode,1376,-464,EA7D061B,0,1,1,4294967295,0,1
FadeWarp,112,80,889AABCC,0,1,1,4294967295,0,1
TrapStop,1344,160,5C9F25C2,0,2,1,4294967295,0,0
LockedTrigger10,2096,464,9EF029B9,0,8,1.5,4294967295,0,0
LockedTrigger10,1520,48,E9C250F5,0,8,1.5,4294967295,0,0
PlayerStart,864,128,1994624E,0,1,1,4294967295,0,1
RiskOfOcean,0,960,C320D0AD,0,5,5,4294967295,0,0
RiskOfOcean,960,960,855E90BC,0,5,5,4294967295,0,0
RiskOfOcean,1920,960,0FB742B9,0,5,5,4294967295,0,0
TriggerGroup,-224,-128,9C23E1BA,0,28.3333333333333,14.3333333333333,1694498815,0,0
