Block,0,32,003F7A19,0,1,17,4294967295,0,0
Block,0,576,001A25E1,0,25,1,4294967295,0,0
Block,768,32,00401B8D,0,1,17,4294967295,0,0
Block,0,0,00256BF1,0,25,1,4294967295,0,0
MusicPlayer,32,32,003C2ED2,0,1,1,4294967295,0,1
SolidSprite,256,96,78DA4D11,0,5,5,4294967295,0,1
Cherry,704,544,86634A3A,0,1,1,4294967295,0,0
DepthRainbow,224,352,3AE06304,0,1,1,4294967295,0,1
TextDraw,272,64,77EAB86F,0,1,1,4294967295,0,1
PlayerStart,64,544,96BD2CE7,0,1,1,4294967295,0,0
PatBall,64,192,9442315D,0,1,1,4294967295,0,1
PatBall,96,192,03338A5D,0,1,1,4294967295,0,1
PatBall,128,192,FE1E7AA4,0,1,1,4294967295,0,1
PatBall,160,192,A934D395,0,1,1,4294967295,0,1
PatBall,192,192,508B3A3E,0,1,1,4294967295,0,1
PatBall,224,192,E911DDD6,0,1,1,4294967295,0,1
PatBall,608,192,E65E566A,0,1,1,4294967295,0,1
PatBall,640,192,21F06440,0,1,1,4294967295,0,1
PatBall,672,192,94156680,0,1,1,4294967295,0,1
PatBall,704,192,5643EED3,0,1,1,4294967295,0,1
PatBall,736,192,95CAC513,0,1,1,4294967295,0,1
DepthShaderReset,192,352,A8F21757,0,1,1,4294967295,0,1
