SpikeD,416,991,A23F14A0,0,1,1,4294967295,0,1
SpikeD,-96,448,95E05E9C,0,1,1,4294967295,0,0
SpikeD,288,96,D2870951,0,1,1,4294967295,0,0
SpikeD,288,624,40A79030,0,1,1,4294967295,0,0
SpikeD,576,384,B7DE9757,0,1,1,4294967295,0,1
SpikeD,512,496,515EDE9A,0,1,1,4294967295,0,0
SpikeD,544,496,57625BF7,0,1,1,4294967295,0,0
SpikeD,576,496,4538B6EB,0,1,1,4294967295,0,0
SpikeD,608,496,3C294445,0,1,1,4294967295,0,0
SpikeD,640,496,6A14E572,0,1,1,4294967295,0,0
SpikeD,672,496,AE4695BD,0,1,1,4294967295,0,0
SpikeD,704,496,4F69130E,0,1,1,4294967295,0,0
SpikeD,608,384,E0110C20,0,1,1,4294967295,0,0
SpikeD,640,384,718863DC,0,1,1,4294967295,0,0
SpikeD,672,384,619EEA05,0,1,1,4294967295,0,0
SpikeD,704,384,4B086015,0,1,1,4294967295,0,0
SpikeD,736,384,C443A9CA,0,1,1,4294967295,0,0
SpikeU,-128,480,DAC0F051,0,1,1,4294967295,0,0
SpikeU,96,320,84900239,0,1,1,4294967295,0,0
SpikeU,128,320,937B04E5,0,1,1,4294967295,0,0
SpikeU,336,656,980AAD53,0,1,1,4294967295,0,0
SpikeU,704,624,AADE51D9,0,1,1,4294967295,0,0
SpikeU,672,624,FAD72C5B,0,1,1,4294967295,0,0
SpikeU,640,624,E6334F60,0,1,1,4294967295,0,0
SpikeU,608,624,F0D13F38,0,1,1,4294967295,0,0
SpikeU,576,624,7F304E36,0,1,1,4294967295,0,0
SpikeU,544,624,3B7B4F73,0,1,1,4294967295,0,0
SpikeU,512,624,F3B4854D,0,1,1,4294967295,0,0
SpikeU,480,624,73F3620F,0,1,1,4294967295,0,0
SpikeU,448,624,8105AF5D,0,1,1,4294967295,0,0
SpikeU,336,320,07EBD6B0,0,1,1,4294967295,0,0
SpikeU,400,320,5C4E5013,0,1,1,4294967295,0,0
SpikeU,336,64,C6EEF333,0,1,1,4294967295,0,0
SpikeU,400,64,32541C0E,0,1,1,4294967295,0,0
SpikeR,-128,448,E913019D,0,1,1,4294967295,0,0
SpikeR,32,64,FE9ECC07,0,1,1,4294967295,0,0
SpikeR,64,48,75A5726A,0,1,1,4294967295,0,0
SpikeR,96,32,F6268B8E,0,1,1,4294967295,0,0
SpikeR,256,560,0233CC3B,0,1,1,4294967295,0,0
SpikeR,1056,864,6F13B350,0,1,1,4294967295,0,0
SpikeL,-96,480,7DCF44B4,0,1,1,4294967295,0,0
SpikeL,128,32,BE9C8F81,0,1,1,4294967295,0,0
SpikeL,288,480,A7C371DE,0,1,1,4294967295,0,0
SpikeL,400,672,BC675FA1,0,1,1,4294967295,0,0
SpikeL,256,576,0FF7C880,0,1,1,4294967295,0,0
SpikeL,992,864,BC2D8FCA,0,1,1,4294967295,0,0
MiniSpikeDown,-48,448,1E39AFA5,0,1,1,4294967295,0,0
MiniSpikeDown,320,704,2FAB3284,0,1,1,4294967295,0,0
MiniSpikeDown,400,704,7C48BE8B,0,1,1,4294967295,0,0
MiniSpikeDown,464,896,46E249BD,0,1,1,4294967295,0,0
MiniSpikeRight,-64,448,7C21D6B6,0,1,1,4294967295,0,0
MiniSpikeRight,384,592,A0641F39,0,1,1,4294967295,0,0
MiniSpikeRight,448,912,0B3034FC,0,1,1,4294967295,0,0
MiniSpikeRight,448,768,9CA7882E,0,1,1,4294967295,0,0
MiniSpikeLeft,-48,464,151A9EBE,0,1,1,4294967295,0,0
MiniSpikeLeft,272,688,66D40DFA,0,1,1,4294967295,0,0
MiniSpikeUp,-64,464,86AE6A22,0,1,1,4294967295,0,0
MiniSpikeUp,160,336,FD07EFC1,0,1,1,4294967295,0,0
MiniSpikeUp,368,576,AA684987,0,1,1,4294967295,0,0
MiniSpikeUp,288,752,6E579B79,0,1,1,4294967295,0,0
MiniSpikeUp,368,737,4E4EBA3E,0,1,1,4294967295,0,0
MiniSpikeUp,464,784,7AABF60F,0,1,1,4294967295,0,0
SpikeTR,-96,512,6E128B74,0,1,1,4294967295,0,0
SpikeTR,320,96,4CA05A73,0,1,1,4294967295,0,0
SpikeTR,193,496,85A81379,0,1,1,4294967295,0,0
SpikeTR,161,465,F6AE188F,0,1,1,4294967295,0,0
SpikeTR,130,434,E4A555C3,0,1,1,4294967295,0,0
SpikeTR,99,403,B706138F,0,1,1,4294967295,0,0
SpikeTR,68,372,7FE19104,0,1,1,4294967295,0,0
SpikeLT,-128,512,6E14A8BB,0,1,1,4294967295,0,0
SpikeLT,416,96,F7453F30,0,1,1,4294967295,0,0
SpikeLT,192,224,A569D044,0,1,1,4294967295,0,0
SpikeLT,192,96,1093BC86,0,1,1,4294967295,0,0
SpikeLB,-128,544,6596F16A,0,1,1,4294967295,0,0
SpikeLB,320,256,05835E65,0,1,1,4294967295,0,0
SpikeLB,192,192,F687B692,0,1,1,4294967295,0,0
SpikeLB,192,465,18505EBF,0,1,1,4294967295,0,0
SpikeLB,161,434,89675E22,0,1,1,4294967295,0,0
SpikeLB,130,403,3EDF524B,0,1,1,4294967295,0,0
SpikeLB,99,372,DFCAA1D0,0,1,1,4294967295,0,0
SpikeBR,-96,544,98D2CBF6,0,1,1,4294967295,0,0
SpikeBR,416,256,02964694,0,1,1,4294967295,0,0
SpikeBR,224,288,5F761E48,0,1,1,4294967295,0,0
sprKiller,-96,576,2D67228B,0,1,1,4294967295,0,0
sprKiller,320,288,29041B18,0,1,1,4294967295,0,0
sprKiller,416,288,6A4AA5FA,0,1,1,4294967295,0,0
SpikeTall,-128,576,E49EB5B8,0,1,1,4294967295,0,0
SpikeTall,368,752,E20E259E,0,0.5,0.5,4294967295,0,0
SpikeTall,416,768,237DBA7F,0,1,2,4294967295,0,0
SpikeTall,416,896,E5F601E1,0,1,3,4294967295,0,0
SpikeTall,224,384,F4056F9A,0,1,4.5,4294967295,0,0
Warp,1056,704,7B537589,0,1,1,4294967295,0,1
Autotiler,256,32,46620920,0,1,1,4294967295,0,1
ConveyerStick,-128,416,8AAF60D2,0,1,1,4294967295,0,0
ConveyorLeft,-160,416,51649786,0,1,1,4294967295,0,0
ConveyorRight,-160,384,F7BF82B7,0,1,1,4294967295,0,0
Block,256,224,70ACE5CA,0,2,4,4294967295,0,0
Block,0,352,6C7DD209,0,14,1,4294967295,0,0
Block,192,64,9C1C1F48,0,8,1,4294967295,0,0
Block,320,320,57D6E6D6,0,4,1,4294967295,0,0
Block,0,192,06235279,0,3,5,4294967295,0,0
Block,0,32,D98DA368,0,1,2,4294967295,0,0
Block,0,0,B8E9CC18,0,6,1,4294967295,0,0
Block,160,32,189C12BC,0,1,7,4294967295,0,0
Block,192,320,1ECD76BF,0,2,1,4294967295,0,0
Block,448,224,1835F1C5,0,2,5,4294967295,0,0
Block,448,0,8D962B1F,0,2,3,4294967295,0,0
Block,576,96,2F8CA3F7,0,4,6,4294967295,0,0
Block,512,0,58CAE476,0,9,1,4294967295,0,0
Block,768,32,EEEA98E6,0,1,11,4294967295,0,0
Block,576,352,47D8D949,0,6,1,4294967295,0,0
Block,768,384,A83A2609,0,1,11,4294967295,0,0
Block,448,656,2FFC9B06,0,10,1,4294967295,0,0
Block,224,528,47EA3057,0,1,6,4294967295,0,0
Block,416,448,BBE88BB3,0,1,10,4294967295,0,0
Block,320,480,B547EDF1,0,3,2,4294967295,0,0
Block,256,592,4F9CC2CB,0,4,1,4294967295,0,0
Block,288,688,03814A2C,0,4,0.5,4294967295,0,0
Block,224,768,418664BD,0,5,1,4294967295,0,0
Block,224,720,9E220A83,0,0.5,1.5,4294967295,0,0
Block,512,464,2034ED7D,0,7,1,4294967295,0,0
Block,480,384,3AF62442,0,1,4,4294967295,0,0
Block,736,576,FCE1E0B3,0,1,2.5,4294967295,0,0
Block,0,384,9354924D,0,1,26,4294967295,0,0
Block,160,704,EA05E7E8,0,2,2,4294967295,0,0
Block,32,608,FA6E0250,0,3,2,4294967295,0,0
Block,832,896,4E82E475,0,6,4,4294967295,0,0
Block,928,768,17336E53,0,6,3,4294967295,0,0
Block,1024,896,76FAC793,0,3,3,4294967295,0,0
Block,64,800,687170E2,0,1,2,4294967295,0,0
Block,32,896,771206B4,0,2,4,4294967295,0,0
Block,800,416,B44BFF3D,0,1,8,4294967295,0,0
PlayerClip,64,864,E54A23C5,0,1,1,4294967295,0,0
IceField,-96,416,5E666014,0,1,1,4294967295,0,0
MusicPlayer,288,32,675E4D52,0,1,1,4294967295,0,1
Cherry,-48,496,E876DBE4,0,1,1,4294967295,0,0
Cherry,512,256,A0E878C5,0,1,1,4294967295,0,0
Cherry,544,256,F146644A,0,1,1,4294967295,0,0
Cherry,576,256,AA6AD1C7,0,1,1,4294967295,0,0
BulletBlock,-160,448,5E45DC34,0,1,1,4294967295,0,0
SavePointHard,-160,480,D049DEF9,0,1,1,4294967295,0,0
SavePointHard,0,160,FB13E685,0,1,1,4294967295,0,0
SavePointHard,384,448,E0394868,0,1,1,4294967295,0,0
SavePointHard,960,736,663A07A8,0,1,1,4294967295,0,0
CherryMove,-32,416,1733C638,0,1,1,4294967295,0,0
CherryMove,304,208,668CE052,0,1,1,4294967295,0,0
CherryMove,304,176,5B28DCC8,0,1,1,4294967295,0,0
CherryMove,304,144,3B860EB9,0,1,1,4294967295,0,0
CherryMove,384,176,DBDC27E2,0,1,1,4294967295,0,1
CherryMove,720,208,B4E4F737,0,1,1,4294967295,0,0
CherryMove,752,208,2D3859A8,0,1,1,4294967295,0,0
CherryMove,640,80,0E51651F,0,1,1,4294967295,0,0
CherryMove,640,48,BDF190C9,0,1,1,4294967295,0,0
CherryMove,640,304,8354924E,0,1,1,4294967295,0,0
CherryMove,640,336,ED2143D2,0,1,1,4294967295,0,0
CherryMove,384,208,C2E8D591,0,1,1,4294967295,0,1
CherryMove,304,736,54F7C44C,0,1,1,4294967295,0,0
CherryMove,544,576,09ED51FC,0,2,2,4294967295,0,1
CherryMove,736,576,DE0A37AC,0,2,2,4294967295,0,1
CheryStop,-32,384,B1C21BB9,0,1,1,4294967295,0,0
CheryStop,128,192,7823F992,0,2.9090909957886,2.6666667461395,4294967295,0,0
CheryStop,384,144,EC48C9BD,0,1,1,4294967295,0,1
CheryStop,384,240,E5F1B18A,0,1,1,4294967295,0,1
CheryStop,384,272,857D4C17,0,1,1,4294967295,0,1
CheryStop,544,64,DE8C7F31,0,2.9090909957886,2.6666667461395,4294967295,0,1
CheryStop,512,32,8F40E9AE,0,1,1,4294967295,0,0
CheryStop,576,32,72F1BF01,0,1,1,4294967295,0,0
CheryStop,544,32,DBAA0A61,0,1,1,4294967295,0,0
CheryStop,608,32,6136D4D4,0,1,1,4294967295,0,0
CheryStop,736,32,35EBC0C6,0,1,1,4294967295,0,0
CheryStop,768,32,5B0BD113,0,1,1,4294967295,0,0
CheryStop,704,288,85EDB306,0,1,1,4294967295,0,0
CheryStop,672,288,8A560C02,0,1,1,4294967295,0,0
CheryStop,608,288,F8107132,0,1,1,4294967295,0,0
CheryStop,576,288,BA248AC4,0,1,1,4294967295,0,0
CheryStop,720,96,5AC8795C,0,1,1,4294967295,0,0
CheryStop,752,96,DE3742A3,0,1,1,4294967295,0,0
CheryStop,736,288,F881A2B9,0,1,1,4294967295,0,0
CheryStop,768,288,88C67746,0,1,1,4294967295,0,0
CheryStop,272,464,3AD83F20,0,2,2,4294967295,0,0
CheryStop,400,768,DFE94EBD,0,1,1,4294967295,0,0
CheryStop,160,928,6AEE1BD9,0,8,8,4294967295,0,1
CheryStop,544,896,1ACDB2DE,0,8,8,4294967295,0,1
CheryStop,736,896,3A66CB0B,0,8,8,4294967295,0,1
CheryStop,384,304,60BFF069,0,1,1,4294967295,0,1
CheryStop,384,112,8BE228CA,0,1,1,4294967295,0,1
CheryStop,448,576,657C8B20,0,2,2,4294967295,0,1
CheryStop,640,576,45E7C569,0,2,2,4294967295,0,1
CherryNoInput,-32,352,6FDD1BB7,0,1,1,4294967295,0,0
CherryNoVerticle,-32,320,7A0AE870,0,1,1,4294967295,0,0
ShootBlock,-192,416,AA3A4761,0,1,1,4294967295,0,0
ShootBlock,416,864,4451FF89,0,1,1,4294967295,0,0
ShootBlock,416,832,B81A1649,0,1,1,4294967295,0,0
Jumper,-192,448,86A997B5,0,1,1,4294967295,0,0
SquareRefresher,-192,480,B13AB2DE,0,1,1,4294967295,0,0
Pauser,-128,384,A25C4614,0,1,1,4294967295,0,1
Pauser,320,864,F48F28A3,0,1,1,4294967295,0,1
SavePointMedium,464,192,2D7C5078,0,1,1,4294967295,0,0
SavePointMedium,64,576,B48DC135,0,1,1,4294967295,0,0
CameraOverride,320,32,8161E010,0,1,1,4294967295,0,1
Platform,384,896,9C24A43E,0,1,1,4294967295,0,1
GuyTrap,480,800,58AC94BF,0,-1,1,4294967295,0,1
SolidSprite,128,608,856AC51D,0,3,3,4294967295,0,1
TrapDestroy,1056,864,DA47ACFF,0,1,1,4294967295,0,0
SavePointStandMedium,576,320,7C6CA96A,0,1,1,4294967295,0,0
CameraFull,352,32,3AFB08E4,0,1,1,4294967295,0,1
CameraBlock,800,0,9DBB74EF,0,1,21,4294967295,0,0
TriggerCode,656,432,95132512,0,1,1,4294967295,0,1
TriggerInstance,736,464,A91B4EA2,0,1,1,4294967295,0,1
TriggerInstance,608,368,EE2A792E,0,0.5,3,4294967295,0,1
EvilSprite,1040,880,B4B5B96A,0,1,1,4294967295,0,1
ParallaxBackgroundLayer,384,32,F8E70B3F,0,1,1,4294967295,0,1
sprKiller,352,96,30F17C45,0,1,1,4294967295,0,1
sprKiller,384,96,0E92CBEE,0,1,1,4294967295,0,1
sprKiller,352,288,C34209BF,0,1,1,4294967295,0,1
sprKiller,384,288,5C76158E,0,1,1,4294967295,0,1
sprKiller,352,320,827D4C05,0,1,1,4294967295,0,1
sprKiller,384,320,701D4F34,0,1,1,4294967295,0,1
sprKiller,352,64,B355B62B,0,1,1,4294967295,0,1
sprKiller,384,64,231D76FD,0,1,1,4294967295,0,1
CheryStop,328,560,AF6CC308,0,7,7,4294967295,0,1
PlayerStart,32,160,A1DD7D98,0,1,1,4294967295,0,0
Water3,-192,384,2157C2D7,0,1,1,4294967295,0,0
Water3,448,496,2A8F26A4,0,10,5,4294967295,0,0
