SpikeU,-128,480,7C696B8A,0,1,1,4294967295,0,0
SpikeR,-128,448,5ED9DD22,0,1,1,4294967295,0,0
SpikeD,-96,448,EF08C2C3,0,1,1,4294967295,0,0
SpikeL,-96,480,BD5904FA,0,1,1,4294967295,0,0
MiniSpikeDown,-48,448,9CBABCB1,0,1,1,4294967295,0,0
MiniSpikeRight,-64,448,5F580E04,0,1,1,4294967295,0,0
MiniSpikeLeft,-48,464,36076CB9,0,1,1,4294967295,0,0
MiniSpikeUp,-64,464,91F10E8A,0,1,1,4294967295,0,0
SpikeTR,-96,512,C0E74780,0,1,1,4294967295,0,0
SpikeLT,-128,512,EC11AFE8,0,1,1,4294967295,0,0
SpikeLB,-128,544,5E79EAB6,0,1,1,4294967295,0,0
SpikeBR,-96,544,840E03FA,0,1,1,4294967295,0,0
SpikeTall,-128,576,A6182AEB,0,1,1,4294967295,0,0
sprKiller,-96,576,6CFB6748,0,1,1,4294967295,0,0
SpikeLB,320,256,BAB50549,0,1,1,4294967295,0,0
SpikeBR,416,256,DEC28134,0,1,1,4294967295,0,0
SpikeR,32,64,D395B450,0,1,1,4294967295,0,0
SpikeU,96,320,1D029546,0,1,1,4294967295,0,0
SpikeU,128,320,9DB5754D,0,1,1,4294967295,0,0
SpikeTR,320,96,584C8388,0,1,1,4294967295,0,0
SpikeLT,416,96,0125580A,0,1,1,4294967295,0,0
MiniSpikeUp,160,336,D1BE6CC3,0,1,1,4294967295,0,0
SpikeLT,192,224,C877ED8B,0,1,1,4294967295,0,0
SpikeLB,192,192,7B169088,0,1,1,4294967295,0,0
SpikeBR,224,288,82437133,0,1,1,4294967295,0,0
SpikeR,64,48,5FD310F9,0,1,1,4294967295,0,0
SpikeR,96,32,FB8DBCCE,0,1,1,4294967295,0,0
SpikeL,128,32,4302C3F2,0,1,1,4294967295,0,0
SpikeLT,192,96,216EBF8B,0,1,1,4294967295,0,0
sprKiller,320,288,84E2100F,0,1,1,4294967295,0,0
sprKiller,416,288,4CE798B7,0,1,1,4294967295,0,0
SpikeD,288,96,0490F575,0,1,1,4294967295,0,0
SpikeL,288,480,F9E2899B,0,1,1,4294967295,0,0
SpikeR,256,560,0D46C907,0,1,1,4294967295,0,0
MiniSpikeUp,368,576,AD7D9D9E,0,1,1,4294967295,0,0
MiniSpikeRight,384,592,55D2E183,0,1,1,4294967295,0,0
SpikeU,336,656,03B83311,0,1,1,4294967295,0,0
SpikeD,288,624,847C3BB9,0,1,1,4294967295,0,0
MiniSpikeLeft,272,688,6724FE6B,0,1,1,4294967295,0,0
SpikeL,400,672,F19DFBE6,0,1,1,4294967295,0,0
SpikeL,256,576,2C655AD7,0,1,1,4294967295,0,0
MiniSpikeUp,288,752,DF8E4E82,0,1,1,4294967295,0,0
MiniSpikeUp,368,736,87899880,0,1,1,4294967295,0,0
MiniSpikeDown,320,704,4260A1E0,0,1,1,4294967295,0,0
MiniSpikeDown,400,704,65211B87,0,1,1,4294967295,0,0
SpikeTall,368,752,572833A8,0,0.5,0.5,4294967295,0,0
SpikeU,704,624,575C49B8,0,1,1,4294967295,0,0
SpikeU,672,624,88B5BFBB,0,1,1,4294967295,0,0
SpikeU,640,624,4086E9C5,0,1,1,4294967295,0,0
SpikeU,608,624,79EBD857,0,1,1,4294967295,0,0
SpikeU,576,624,46155CBD,0,1,1,4294967295,0,0
SpikeU,544,624,55C6F2A1,0,1,1,4294967295,0,0
SpikeU,512,624,8C41EAA9,0,1,1,4294967295,0,0
SpikeU,480,624,DE84AE1D,0,1,1,4294967295,0,0
SpikeU,448,624,A4CA6E47,0,1,1,4294967295,0,0
SpikeD,448,896,5AE32D62,0,1,1,4294967295,0,0
SpikeU,448,768,0FB847D0,0,1,1,4294967295,0,0
SpikeTall,416,768,A3968143,0,1,2,4294967295,0,0
SpikeTall,416,896,25E611A4,0,1,3,4294967295,0,0
SpikeD,416,992,10FAC6E7,0,1,1,4294967295,0,0
SpikeL,992,864,1D40679A,0,1,1,4294967295,0,0
SpikeR,1056,864,5B5C1D3C,0,1,1,4294967295,0,0
SpikeD,576,384,07A029CE,0,1,1,4294967295,0,1
SpikeD,512,496,0D907017,0,1,1,4294967295,0,0
SpikeD,544,496,5D77616B,0,1,1,4294967295,0,0
SpikeD,576,496,5AEF1210,0,1,1,4294967295,0,0
SpikeD,608,496,0E4EE344,0,1,1,4294967295,0,0
SpikeD,640,496,C10D9CAD,0,1,1,4294967295,0,0
SpikeD,672,496,C90EFEA2,0,1,1,4294967295,0,0
SpikeD,704,496,66F1EB24,0,1,1,4294967295,0,0
SpikeU,336,320,519318BD,0,1,1,4294967295,0,0
SpikeU,400,320,769FE905,0,1,1,4294967295,0,0
SpikeU,336,64,2309CED8,0,1,1,4294967295,0,0
SpikeU,400,64,8C91A562,0,1,1,4294967295,0,0
SpikeD,608,384,7C229BE6,0,1,1,4294967295,0,0
SpikeD,640,384,1D2B3428,0,1,1,4294967295,0,0
SpikeD,672,384,AE97F367,0,1,1,4294967295,0,0
SpikeD,704,384,6999EF41,0,1,1,4294967295,0,0
SpikeD,736,384,D1A8A747,0,1,1,4294967295,0,0
Autotiler,256,32,E883BB22,0,1,1,4294967295,0,1
ConveyerStick,-128,416,579AACDA,0,1,1,4294967295,0,0
ConveyorLeft,-160,416,84C43974,0,1,1,4294967295,0,0
ConveyorRight,-160,384,92418BB9,0,1,1,4294967295,0,0
Block,256,224,576C1CEE,0,2,4,4294967295,0,0
Block,0,352,AFFA7F81,0,14,1,4294967295,0,0
Block,192,64,8B8F507F,0,8,1,4294967295,0,0
Block,320,320,39071C73,0,4,1,4294967295,0,0
Block,0,192,83CFC859,0,3,5,4294967295,0,0
Block,0,32,CD65C668,0,1,2,4294967295,0,0
Block,0,0,6B60D3DB,0,6,1,4294967295,0,0
Block,160,32,4B61E6F5,0,1,7,4294967295,0,0
Block,192,320,FA1759B0,0,2,1,4294967295,0,0
Block,448,224,E8FBAE03,0,2,5,4294967295,0,0
Block,448,0,94104B3A,0,2,3,4294967295,0,0
Block,576,96,885360CF,0,4,6,4294967295,0,0
Block,512,0,687DA8E7,0,9,1,4294967295,0,0
Block,768,32,672A2AD6,0,1,11,4294967295,0,0
Block,576,352,D669BDCA,0,6,1,4294967295,0,0
Block,768,384,30F518B8,0,1,9.5,4294967295,0,0
Block,448,656,540E2674,0,10,1,4294967295,0,0
Block,224,528,E6CA20AA,0,1,6,4294967295,0,0
Block,416,448,72F8B838,0,1,10,4294967295,0,0
Block,320,480,5666B7CC,0,3,2,4294967295,0,0
Block,256,592,4F695AC4,0,4,1,4294967295,0,0
Block,288,688,E3466A9C,0,4,0.5,4294967295,0,0
Block,224,768,30692136,0,5,1,4294967295,0,0
KillBlock,224,384,B21FD1A5,0,1,4.5,4294967295,0,0
Block,224,720,2F4988C4,0,0.5,1.5,4294967295,0,0
Block,512,464,03AE9496,0,7,1,4294967295,0,0
Block,480,384,1FAE812C,0,1,4,4294967295,0,0
Block,736,576,F3ED37A9,0,1,2.5,4294967295,0,0
Block,0,384,63B0AE8F,0,1,26,4294967295,0,0
Block,160,704,C3BFC34B,0,2,2,4294967295,0,0
Block,32,608,95E0032B,0,3,2,4294967295,0,0
Block,832,896,F17CDC5D,0,6,4,4294967295,0,0
Block,928,768,8DF3C17B,0,3,3,4294967295,0,0
Block,1024,672,5994B9D0,0,4,6,4294967295,0,0
Block,1024,896,01A71C04,0,3,3,4294967295,0,0
Block,64,800,3A5A124C,0,1,2,4294967295,0,0
PlayerClip,64,864,1ECB891D,0,1,1,4294967295,0,0
Block,32,896,09B1EB93,0,2,4,4294967295,0,0
MusicPlayer,288,32,003C2ED2,0,1,1,4294967295,0,1
Cherry,-48,496,19FF70DC,0,1,1,4294967295,0,0
BulletBlock,-160,448,45D5B31A,0,1,1,4294967295,0,0
SavePointHard,-160,480,4C91C103,0,1,1,4294967295,0,0
CherryMove,-32,416,6B26D72B,0,1,1,4294967295,0,0
CheryStop,-32,384,93FDAF9C,0,1,1,4294967295,0,0
CherryNoInput,-32,352,EA05539A,0,1,1,4294967295,0,0
CherryNoVerticle,-32,320,3B7F6E94,0,1,1,4294967295,0,0
IceField,-96,416,07423129,0,1,1,4294967295,0,0
ShootBlock,-192,416,45D6A621,0,1,1,4294967295,0,0
Jumper,-192,448,B9E60F00,0,1,1,4294967295,0,0
SquareRefresher,-192,480,66C04D09,0,1,1,4294967295,0,0
Pauser,-128,384,3E5F724E,0,1,1,4294967295,0,1
SavePointHard,0,160,E723972A,0,1,1,4294967295,0,0
CheryStop,128,192,337710CE,0,2.9090909090909,2.6666666666667,4294967295,0,0
CherryMove,304,208,62005965,0,1,1,4294967295,0,0
CherryMove,304,176,ACFF9899,0,1,1,4294967295,0,0
CherryMove,304,144,D869AEB6,0,1,1,4294967295,0,0
CherryMove,384,176,718729C4,0,1,1,4294967295,0,1
CheryStop,384,144,6F33724D,0,1,1,4294967295,0,1
CheryStop,384,240,71CFC48C,0,1,1,4294967295,0,1
CheryStop,384,272,66B6F52D,0,1,1,4294967295,0,1
CheryStop,544,64,13799BEA,0,2.9090909090909,2.6666666666667,4294967295,0,1
Cherry,512,256,E9AB46E6,0,1,1,4294967295,0,0
Cherry,544,256,E252BD3C,0,1,1,4294967295,0,0
Cherry,576,256,8B60D7D4,0,1,1,4294967295,0,0
SavePointMedium,464,192,2522A6DA,0,1,1,4294967295,0,0
CherryMove,720,208,9B2BF27C,0,1,1,4294967295,0,0
CherryMove,752,208,25AE45D3,0,1,1,4294967295,0,0
CherryMove,640,80,449232C7,0,1,1,4294967295,0,0
CherryMove,640,48,8416034A,0,1,1,4294967295,0,0
CherryMove,640,304,F4FF989B,0,1,1,4294967295,0,0
CherryMove,640,336,67BC61B4,0,1,1,4294967295,0,0
CherryMove,384,208,8D11FD47,0,1,1,4294967295,0,1
CheryStop,512,32,A6161057,0,1,1,4294967295,0,0
CheryStop,576,32,344A80B6,0,1,1,4294967295,0,0
CheryStop,544,32,6F766D14,0,1,1,4294967295,0,0
CheryStop,608,32,38C1F480,0,1,1,4294967295,0,0
CheryStop,736,32,3F95711C,0,1,1,4294967295,0,0
CheryStop,768,32,A2EF194C,0,1,1,4294967295,0,0
CheryStop,704,288,39CC85B4,0,1,1,4294967295,0,0
CheryStop,672,288,86B4EB3F,0,1,1,4294967295,0,0
CheryStop,608,288,D7BC4476,0,1,1,4294967295,0,0
CheryStop,576,288,071AD186,0,1,1,4294967295,0,0
CheryStop,720,96,9091C023,0,1,1,4294967295,0,0
CheryStop,752,96,4015E4BC,0,1,1,4294967295,0,0
CheryStop,736,288,7988B9CC,0,1,1,4294967295,0,0
CheryStop,768,288,38B58831,0,1,1,4294967295,0,0
SavePointHard,384,448,21C3FFD6,0,1,1,4294967295,0,0
CheryStop,272,464,2BE0F66F,0,2,2,4294967295,0,0
CheryStop,400,768,C223F132,0,1,1,4294967295,0,0
CherryMove,304,736,93453F22,0,1,1,4294967295,0,0
CameraOverride,320,32,4FEC0132,0,1,1,4294967295,0,1
Pauser,320,864,3DB8E53A,0,1,1,4294967295,0,1
Platform,384,896,4185B80A,0,1,1,4294967295,0,1
ShootBlock,416,864,CB5EF3CB,0,1,1,4294967295,0,0
ShootBlock,416,832,FE36D9E7,0,1,1,4294967295,0,0
GuyTrap,474,800,E44B0FAC,0,-1,1,4294967295,0,1
SolidSprite,128,608,3E84C579,0,1,1,4294967295,0,1
SavePointMedium,64,576,C56DEE14,0,1,1,4294967295,0,0
SavePointHard,1056,640,BD021679,0,1,1,4294967295,0,0
TrapDestroy,1056,864,A222D831,0,1,1,4294967295,0,0
CheryStop,160,928,F81FD48A,0,8,8,4294967295,0,1
SavePointStandMedium,576,320,C53CAB28,0,1,1,4294967295,0,0
CheryStop,544,896,D1539885,0,8,8,4294967295,0,1
CheryStop,736,896,9E57C665,0,8,8,4294967295,0,1
CameraFull,352,32,9E9C28A6,0,1,1,4294967295,0,1
CameraBlock,800,0,64757B1F,0,1,21,4294967295,0,0
CheryStop,384,304,663C6B0A,0,1,1,4294967295,0,1
CheryStop,384,112,62158880,0,1,1,4294967295,0,1
CheryStop,448,576,A5AC4F05,0,2,2,4294967295,0,1
CherryMove,544,576,073C6142,0,2,2,4294967295,0,1
CheryStop,640,576,0FE63B56,0,2,2,4294967295,0,1
CherryMove,736,576,4A34CAF3,0,2,2,4294967295,0,1
TriggerCode,656,432,10E3F8BD,0,1,1,4294967295,0,1
TriggerInstance,736,464,398593CE,0,1,1,4294967295,0,1
TriggerInstance,608,368,AE56C92B,0,0.5,3,4294967295,0,1
EvilSprite,1040,880,8552805A,0,1,1,4294967295,0,1
sprKiller,352,96,0F0191DA,0,1,1,4294967295,0,1
sprKiller,384,96,5E67A7C2,0,1,1,4294967295,0,1
sprKiller,352,288,3F383187,0,1,1,4294967295,0,1
sprKiller,384,288,9E0462AB,0,1,1,4294967295,0,1
sprKiller,352,320,D70DCA40,0,1,1,4294967295,0,1
sprKiller,384,320,9BDB9C1E,0,1,1,4294967295,0,1
sprKiller,352,64,513FA2FC,0,1,1,4294967295,0,1
sprKiller,384,64,F68C4AA9,0,1,1,4294967295,0,1
CheryStop,328,560,CB8B7879,0,7,7,4294967295,0,1
PlayerStart,32,160,96BD2CE7,0,1,1,4294967295,0,0
Water3,-192,384,B664FBE6,0,1,1,4294967295,0,0
Water3,448,496,A5FFA808,0,10,5,4294967295,0,0
