tile_IWBTG,960,288,32,32,32,32,0,1,1,4286611584
tile_IWBTG,992,288,32,32,32,32,0,1,1,4286611584
tile_IWBTG,1024,288,32,32,32,32,0,1,1,4286611584
tile_IWBTG,1024,320,32,32,32,32,0,1,1,4286611584
tile_IWBTG,992,320,32,32,32,32,0,1,1,4286611584
tile_IWBTG,960,320,32,32,32,32,0,1,1,4286611584
tile_IWBTG,1024,352,32,32,32,32,0,1,1,4286611584
tile_IWBTG,1024,384,32,32,32,32,0,1,1,4286611584
tile_IWBTG,1024,416,32,32,32,32,0,1,1,4286611584
tile_IWBTG,1024,448,32,32,32,32,0,1,1,4286611584
tile_IWBTG,1024,480,32,32,32,32,0,1,1,4286611584
tile_IWBTG,1120,464,32,256,32,32,0,1,1,4286611584
tile_IWBTG,1120,496,32,256,32,32,0,1,1,4286611584
tile_IWBTG,1120,528,32,256,32,32,0,1,1,4286611584
tile_IWBTG,1120,560,32,256,32,32,0,1,1,4286611584
tile_IWBTG,1104,432,128,32,32,32,0,1,1,4286611584
tile_IWBTG,1136,432,128,32,32,32,0,1,1,4286611584
tile_IWBTG,1168,432,128,32,32,32,0,1,1,4286611584
tile_IWBTG,1200,432,128,32,32,32,0,1,1,4286611584
tile_IWBTG,1184,464,32,256,32,32,0,1,1,4286611584
tile_IWBTG,1184,496,32,256,32,32,0,1,1,4286611584
tile_IWBTG,1184,528,32,256,32,32,0,1,1,4286611584
tile_IWBTG,1184,560,32,256,32,32,0,1,1,4286611584
tile_IWBTG,1248,464,32,256,32,32,0,1,1,4286611584
tile_IWBTG,1248,496,32,256,32,32,0,1,1,4286611584
tile_IWBTG,1248,528,32,256,32,32,0,1,1,4286611584
tile_IWBTG,1248,560,32,256,32,32,0,1,1,4286611584
tile_IWBTG,1232,432,128,32,32,32,0,1,1,4286611584
tile_IWBTG,1264,432,128,32,32,32,0,1,1,4286611584
tile_IWBTG,1296,432,128,32,32,32,0,1,1,4286611584
tile_IWBTG,1328,432,128,32,32,32,0,1,1,4286611584
tile_IWBTG,1312,464,32,256,32,32,0,1,1,4286611584
tile_IWBTG,1312,496,32,256,32,32,0,1,1,4286611584
tile_IWBTG,1312,528,32,256,32,32,0,1,1,4286611584
tile_IWBTG,1312,560,32,256,32,32,0,1,1,4286611584
tile_IWBTG,1376,464,32,256,32,32,0,1,1,4286611584
tile_IWBTG,1376,496,32,256,32,32,0,1,1,4286611584
tile_IWBTG,1376,528,32,256,32,32,0,1,1,4286611584
tile_IWBTG,1376,560,32,256,32,32,0,1,1,4286611584
tile_IWBTG,1360,432,128,32,32,32,0,1,1,4286611584
tile_IWBTG,1392,432,128,32,32,32,0,1,1,4286611584
tile_IWBTG,1424,432,128,32,32,32,0,1,1,4286611584
tile_IWBTG,1456,432,128,32,32,32,0,1,1,4286611584
tile_IWBTG,1440,464,32,256,32,32,0,1,1,4286611584
tile_IWBTG,1440,496,32,256,32,32,0,1,1,4286611584
tile_IWBTG,1440,528,32,256,32,32,0,1,1,4286611584
tile_IWBTG,1440,560,32,256,32,32,0,1,1,4286611584
tile_IWBTG,1504,464,32,256,32,32,0,1,1,4286611584
tile_IWBTG,1504,496,32,256,32,32,0,1,1,4286611584
tile_IWBTG,1504,528,32,256,32,32,0,1,1,4286611584
tile_IWBTG,1504,560,32,256,32,32,0,1,1,4286611584
tile_IWBTG,1488,432,128,32,32,32,0,1,1,4286611584
tile_IWBTG,1520,432,128,32,32,32,0,1,1,4286611584
tile_IWBTG,1552,432,128,32,32,32,0,1,1,4286611584
tile_IWBTG,1584,432,128,32,32,32,0,1,1,4286611584
tile_IWBTG,1568,464,32,256,32,32,0,1,1,4286611584
tile_IWBTG,1568,496,32,256,32,32,0,1,1,4286611584
tile_IWBTG,1568,528,32,256,32,32,0,1,1,4286611584
tile_IWBTG,1568,560,32,256,32,32,0,1,1,4286611584
tile_IWBTG,1632,464,32,256,32,32,0,1,1,4286611584
tile_IWBTG,1632,496,32,256,32,32,0,1,1,4286611584
tile_IWBTG,1632,528,32,256,32,32,0,1,1,4286611584
tile_IWBTG,1632,560,32,256,32,32,0,1,1,4286611584
tile_IWBTG,1616,432,128,32,32,32,0,1,1,4286611584
tile_IWBTG,1648,432,128,32,32,32,0,1,1,4286611584
tile_IWBTG,1680,432,128,32,32,32,0,1,1,4286611584
tile_IWBTG,1712,432,128,32,32,32,0,1,1,4286611584
tile_IWBTG,1696,464,32,256,32,32,0,1,1,4286611584
tile_IWBTG,1696,496,32,256,32,32,0,1,1,4286611584
tile_IWBTG,1696,528,32,256,32,32,0,1,1,4286611584
tile_IWBTG,1696,560,32,256,32,32,0,1,1,4286611584
tile_IWBTG,1072,432,128,32,32,32,0,1,1,4286611584
tile_IWBTG,1776,432,128,32,32,32,0,1,1,4286611584
tile_IWBTG,1744,432,128,32,32,32,0,1,1,4286611584
tile_IWBTG,928,608,96,0,32,32,0,1,-1,4286611584
tile_IWBTG,960,608,96,0,32,32,0,1,-1,4286611584
tile_IWBTG,992,608,96,0,32,32,0,1,-1,4286611584
tile_IWBTG,800,352,160,544,32,64,0,1,1,4286611584
tile_IWBTG,832,352,160,544,32,64,0,1,1,4286611584
tile_IWBTG,864,352,160,544,32,64,0,1,1,4286611584
tile_IWBTG,896,352,160,544,32,64,0,1,1,4286611584
tile_IWBTG,928,352,160,544,32,64,0,1,1,4286611584
tile_IWBTG,800,480,160,544,32,64,0,1,-1,4286611584
tile_IWBTG,832,480,160,544,32,64,0,1,-1,4286611584
tile_IWBTG,864,480,160,544,32,64,0,1,-1,4286611584
tile_IWBTG,896,480,160,544,32,64,0,1,-1,4286611584
tile_IWBTG,928,480,160,544,32,64,0,1,-1,4286611584
tile_IWBTG,1824,576,0,96,32,32,0,1,1,4294967295
tile_IWBTG,1856,576,0,96,32,32,0,1,1,4294967295
tile_IWBTG,1856,448,32,352,32,32,0,1,1,4286611584
tile_IWBTG,1856,480,32,352,32,32,0,1,1,4286611584
tile_IWBTG,1856,512,32,352,32,32,0,1,1,4286611584
tile_IWBTG,1856,544,32,352,32,32,0,1,1,4286611584
tile_IWBTG,1760,464,32,256,32,32,0,1,1,4286611584
tile_IWBTG,1760,496,32,256,32,32,0,1,1,4286611584
tile_IWBTG,1760,528,32,256,32,32,0,1,1,4286611584
tile_IWBTG,1328,544,64,288,32,32,0,1,1,4286611584
tile_Portal,544,16,64,32,16,16,0,2,2,4294967295
tile_Portal,480,512,32,64,16,16,0,2,2,4286611584
tile_Portal,480,544,32,64,16,16,0,2,2,4286611584
tile_Portal,320,256,0,80,16,16,0,2,2,4282400832
tile_Portal,352,256,0,80,16,16,0,2,2,4282400832
tile_Portal,384,256,0,80,16,16,0,2,2,4282400832
tile_Portal,416,256,0,80,16,16,0,2,2,4282400832
tile_Portal,448,256,0,80,16,16,0,2,2,4282400832
tile_Portal,320,288,0,80,16,16,0,2,2,4282400832
tile_Portal,352,288,0,80,16,16,0,2,2,4282400832
tile_Portal,384,288,0,80,16,16,0,2,2,4282400832
tile_Portal,416,288,0,80,16,16,0,2,2,4282400832
tile_Portal,448,288,0,80,16,16,0,2,2,4282400832
tile_Portal,320,320,0,80,16,16,0,2,2,4282400832
tile_Portal,352,320,0,80,16,16,0,2,2,4282400832
tile_Portal,384,320,0,80,16,16,0,2,2,4282400832
tile_Portal,416,320,0,80,16,16,0,2,2,4282400832
tile_Portal,448,320,0,80,16,16,0,2,2,4282400832
tile_Portal,320,352,0,80,16,16,0,2,2,4282400832
tile_Portal,352,352,0,80,16,16,0,2,2,4282400832
tile_Portal,384,352,0,80,16,16,0,2,2,4282400832
tile_Portal,416,352,0,80,16,16,0,2,2,4282400832
tile_Portal,448,352,0,80,16,16,0,2,2,4282400832
tile_Portal,320,384,0,80,16,16,0,2,2,4282400832
tile_Portal,352,384,0,80,16,16,0,2,2,4282400832
tile_Portal,384,384,0,80,16,16,0,2,2,4282400832
tile_Portal,416,384,0,80,16,16,0,2,2,4282400832
tile_Portal,448,384,0,80,16,16,0,2,2,4282400832
tile_Portal,320,416,0,80,16,16,0,2,2,4282400832
tile_Portal,352,416,0,80,16,16,0,2,2,4282400832
tile_Portal,384,416,0,80,16,16,0,2,2,4282400832
tile_Portal,416,416,0,80,16,16,0,2,2,4282400832
tile_Portal,448,416,0,80,16,16,0,2,2,4282400832
tile_Portal,320,448,0,80,16,16,0,2,2,4282400832
tile_Portal,352,448,0,80,16,16,0,2,2,4282400832
tile_Portal,384,448,0,80,16,16,0,2,2,4282400832
tile_Portal,416,448,0,80,16,16,0,2,2,4282400832
tile_Portal,448,448,0,80,16,16,0,2,2,4282400832
tile_Portal,320,480,0,80,16,16,0,2,2,4282400832
tile_Portal,352,480,0,80,16,16,0,2,2,4282400832
tile_Portal,384,480,0,80,16,16,0,2,2,4282400832
tile_Portal,416,480,0,80,16,16,0,2,2,4282400832
tile_Portal,448,480,0,80,16,16,0,2,2,4282400832
tile_Portal,320,512,0,80,16,16,0,2,2,4282400832
tile_Portal,352,512,0,80,16,16,0,2,2,4282400832
tile_Portal,384,512,0,80,16,16,0,2,2,4282400832
tile_Portal,416,512,0,80,16,16,0,2,2,4282400832
tile_Portal,448,512,0,80,16,16,0,2,2,4282400832
tile_Portal,320,544,0,80,16,16,0,2,2,4282400832
tile_Portal,352,544,0,80,16,16,0,2,2,4282400832
tile_Portal,384,544,0,80,16,16,0,2,2,4282400832
tile_Portal,416,544,0,80,16,16,0,2,2,4282400832
tile_Portal,448,544,0,80,16,16,0,2,2,4282400832
tile_Portal,384,128,0,48,16,16,0,2,2,4290822336
tile_Portal,384,160,0,48,16,16,0,2,2,4290822336
tile_Portal,384,192,0,48,16,16,0,2,2,4290822336
tile_Portal,352,128,0,48,16,16,0,2,2,4290822336
tile_Portal,352,160,0,48,16,16,0,2,2,4290822336
tile_Portal,352,192,0,48,16,16,0,2,2,4290822336
tile_Portal,320,128,0,48,16,16,0,2,2,4290822336
tile_Portal,320,160,0,48,16,16,0,2,2,4290822336
tile_Portal,320,192,0,48,16,16,0,2,2,4290822336
tile_Portal,416,128,0,48,16,16,0,2,2,4290822336
tile_Portal,448,128,0,48,16,16,0,2,2,4290822336
tile_Portal,416,160,0,48,16,16,0,2,2,4290822336
tile_Portal,448,160,0,48,16,16,0,2,2,4290822336
tile_Portal,416,192,0,48,16,16,0,2,2,4290822336
tile_Portal,448,192,0,48,16,16,0,2,2,4290822336
tile_Portal,288,128,0,48,16,16,0,2,2,4290822336
tile_Portal,288,160,0,48,16,16,0,2,2,4290822336
tile_Portal,288,192,0,48,16,16,0,2,2,4290822336
tile_Portal,256,128,0,48,16,16,0,2,2,4290822336
tile_Portal,256,160,0,48,16,16,0,2,2,4290822336
tile_Portal,256,192,0,48,16,16,0,2,2,4290822336
tile_Portal,224,128,0,48,16,16,0,2,2,4290822336
tile_Portal,224,160,0,48,16,16,0,2,2,4290822336
tile_Portal,224,192,0,48,16,16,0,2,2,4290822336
tile_Portal,224,224,0,32,16,16,0,2,2,4282400832
tile_Portal,256,224,0,32,16,16,0,2,2,4282400832
tile_Portal,288,224,0,32,16,16,0,2,2,4282400832
tile_Portal,320,224,0,32,16,16,0,2,2,4282400832
tile_Portal,352,224,0,32,16,16,0,2,2,4282400832
tile_Portal,384,224,0,32,16,16,0,2,2,4282400832
tile_Portal,416,224,0,32,16,16,0,2,2,4282400832
tile_Portal,448,224,0,32,16,16,0,2,2,4282400832
tile_Portal,32,576,16,16,16,16,0,2,2,4286611584
tile_Portal,64,576,16,16,16,16,0,2,2,4286611584
tile_Portal,96,576,16,16,16,16,0,2,2,4286611584
tile_Portal,128,576,16,16,16,16,0,2,2,4286611584
tile_Portal,160,576,16,16,16,16,0,2,2,4286611584
tile_Portal,192,576,16,16,16,16,0,2,2,4286611584
tile_Portal,224,576,16,16,16,16,0,2,2,4286611584
tile_Portal,256,576,16,16,16,16,0,2,2,4286611584
tile_Portal,32,544,64,0,16,16,0,2,2,4286611584
tile_Portal,64,544,64,0,16,16,0,2,2,4286611584
tile_Portal,96,544,64,0,16,16,0,2,2,4286611584
tile_Portal,128,544,64,0,16,16,0,2,2,4286611584
tile_Portal,160,544,64,0,16,16,0,2,2,4286611584
tile_Portal,192,544,64,0,16,16,0,2,2,4286611584
tile_Portal,224,544,64,0,16,16,0,2,2,4286611584
tile_Portal,256,544,64,0,16,16,0,2,2,4286611584
tile_Portal,32,512,64,0,16,16,0,2,2,4286611584
tile_Portal,64,512,64,0,16,16,0,2,2,4286611584
tile_Portal,96,512,64,0,16,16,0,2,2,4286611584
tile_Portal,128,512,64,0,16,16,0,2,2,4286611584
tile_Portal,160,512,64,0,16,16,0,2,2,4286611584
tile_Portal,192,512,64,0,16,16,0,2,2,4286611584
tile_Portal,224,512,64,0,16,16,0,2,2,4286611584
tile_Portal,256,512,64,0,16,16,0,2,2,4286611584
tile_Portal,192,480,96,0,16,16,0,2,2,4286611584
tile_Portal,288,544,48,0,16,16,0,2,2,4286611584
tile_Portal,288,512,96,0,16,16,0,2,2,4286611584
tile_Portal,224,480,64,0,16,16,0,2,2,4286611584
tile_Portal,256,480,64,0,16,16,0,2,2,4286611584
tile_Portal,32,480,64,0,16,16,0,2,2,4286611584
tile_Portal,64,480,64,0,16,16,0,2,2,4286611584
tile_Portal,96,480,64,0,16,16,0,2,2,4286611584
tile_Portal,128,480,64,0,16,16,0,2,2,4286611584
tile_Portal,160,480,64,0,16,16,0,2,2,4286611584
tile_Portal,32,448,64,0,16,16,0,2,2,4286611584
tile_Portal,64,448,64,0,16,16,0,2,2,4286611584
tile_Portal,96,448,64,0,16,16,0,2,2,4286611584
tile_Portal,128,448,64,0,16,16,0,2,2,4286611584
tile_Portal,160,448,64,0,16,16,0,2,2,4286611584
tile_Portal,32,416,64,0,16,16,0,2,2,4286611584
tile_Portal,64,416,64,0,16,16,0,2,2,4286611584
tile_Portal,96,416,64,0,16,16,0,2,2,4286611584
tile_Portal,128,416,64,0,16,16,0,2,2,4286611584
tile_Portal,160,416,64,0,16,16,0,2,2,4286611584
tile_Portal,32,384,64,0,16,16,0,2,2,4286611584
tile_Portal,64,384,64,0,16,16,0,2,2,4286611584
tile_Portal,96,384,64,0,16,16,0,2,2,4286611584
tile_Portal,128,384,64,0,16,16,0,2,2,4286611584
tile_Portal,160,384,64,0,16,16,0,2,2,4286611584
tile_Portal,32,352,64,0,16,16,0,2,2,4286611584
tile_Portal,64,352,64,0,16,16,0,2,2,4286611584
tile_Portal,96,352,64,0,16,16,0,2,2,4286611584
tile_Portal,128,352,64,0,16,16,0,2,2,4286611584
tile_Portal,160,352,64,0,16,16,0,2,2,4286611584
tile_Portal,32,320,64,0,16,16,0,2,2,4286611584
tile_Portal,64,320,64,0,16,16,0,2,2,4286611584
tile_Portal,96,320,64,0,16,16,0,2,2,4286611584
tile_Portal,128,320,64,0,16,16,0,2,2,4286611584
tile_Portal,160,320,64,0,16,16,0,2,2,4286611584
tile_Portal,32,288,64,0,16,16,0,2,2,4286611584
tile_Portal,64,288,64,0,16,16,0,2,2,4286611584
tile_Portal,96,288,64,0,16,16,0,2,2,4286611584
tile_Portal,128,288,64,0,16,16,0,2,2,4286611584
tile_Portal,160,288,64,0,16,16,0,2,2,4286611584
tile_Portal,32,256,64,0,16,16,0,2,2,4286611584
tile_Portal,64,256,64,0,16,16,0,2,2,4286611584
tile_Portal,96,256,64,0,16,16,0,2,2,4286611584
tile_Portal,128,256,64,0,16,16,0,2,2,4286611584
tile_Portal,160,256,64,0,16,16,0,2,2,4286611584
tile_Portal,32,224,64,0,16,16,0,2,2,4286611584
tile_Portal,64,224,64,0,16,16,0,2,2,4286611584
tile_Portal,96,224,64,0,16,16,0,2,2,4286611584
tile_Portal,128,224,64,0,16,16,0,2,2,4286611584
tile_Portal,160,224,64,0,16,16,0,2,2,4286611584
tile_Portal,32,192,64,0,16,16,0,2,2,4286611584
tile_Portal,64,192,64,0,16,16,0,2,2,4286611584
tile_Portal,96,192,64,0,16,16,0,2,2,4286611584
tile_Portal,128,192,64,0,16,16,0,2,2,4286611584
tile_Portal,160,192,64,0,16,16,0,2,2,4286611584
tile_Portal,32,160,64,0,16,16,0,2,2,4286611584
tile_Portal,64,160,64,0,16,16,0,2,2,4286611584
tile_Portal,96,160,64,0,16,16,0,2,2,4286611584
tile_Portal,128,160,64,0,16,16,0,2,2,4286611584
tile_Portal,160,160,64,0,16,16,0,2,2,4286611584
tile_Portal,32,128,64,0,16,16,0,2,2,4286611584
tile_Portal,64,128,64,0,16,16,0,2,2,4286611584
tile_Portal,96,128,64,0,16,16,0,2,2,4286611584
tile_Portal,128,128,64,0,16,16,0,2,2,4286611584
tile_Portal,160,128,64,0,16,16,0,2,2,4286611584
tile_Portal,32,96,96,0,16,16,0,2,2,4286611584
tile_Portal,64,96,96,0,16,16,0,2,2,4286611584
tile_Portal,96,96,96,0,16,16,0,2,2,4286611584
tile_Portal,128,96,96,0,16,16,0,2,2,4286611584
tile_Portal,160,96,96,0,16,16,0,2,2,4286611584
tile_Portal,224,448,64,0,16,16,0,2,2,4286611584
tile_Portal,256,448,64,0,16,16,0,2,2,4286611584
tile_Portal,224,416,64,0,16,16,0,2,2,4286611584
tile_Portal,256,416,64,0,16,16,0,2,2,4286611584
tile_Portal,224,384,64,0,16,16,0,2,2,4286611584
tile_Portal,256,384,64,0,16,16,0,2,2,4286611584
tile_Portal,224,352,64,0,16,16,0,2,2,4286611584
tile_Portal,256,352,64,0,16,16,0,2,2,4286611584
tile_Portal,224,320,64,0,16,16,0,2,2,4286611584
tile_Portal,256,320,64,0,16,16,0,2,2,4286611584
tile_Portal,224,288,64,0,16,16,0,2,2,4286611584
tile_Portal,256,288,64,0,16,16,0,2,2,4286611584
tile_Portal,224,256,96,0,16,16,0,2,2,4286611584
tile_Portal,256,256,96,0,16,16,0,2,2,4286611584
tile_IWBTG,1920,448,32,352,32,32,0,1,1,4286611584
tile_IWBTG,1952,448,32,352,32,32,0,1,1,4286611584
tile_IWBTG,1920,480,32,352,32,32,0,1,1,4286611584
tile_IWBTG,1952,480,32,352,32,32,0,1,1,4286611584
tile_IWBTG,1920,512,32,352,32,32,0,1,1,4286611584
tile_IWBTG,1952,512,32,352,32,32,0,1,1,4286611584
tile_IWBTG,1920,544,32,352,32,32,0,1,1,4286611584
tile_IWBTG,1952,544,32,352,32,32,0,1,1,4286611584
tile_IWBTG,1952,416,96,320,32,32,0,64,1,4286611584
tile_IWBTG,1984,448,32,352,32,32,0,1,1,4286611584
tile_IWBTG,2016,448,32,352,32,32,0,1,1,4286611584
tile_IWBTG,1984,480,32,352,32,32,0,1,1,4286611584
tile_IWBTG,2016,480,32,352,32,32,0,1,1,4286611584
tile_IWBTG,1984,512,32,352,32,32,0,1,1,4286611584
tile_IWBTG,2016,512,32,352,32,32,0,1,1,4286611584
tile_IWBTG,1984,544,32,352,32,32,0,1,1,4286611584
tile_IWBTG,2016,544,32,352,32,32,0,1,1,4286611584
tile_IWBTG,2048,448,32,352,32,32,0,1,1,4286611584
tile_IWBTG,2080,448,32,352,32,32,0,1,1,4286611584
tile_IWBTG,2048,480,32,352,32,32,0,1,1,4286611584
tile_IWBTG,2080,480,32,352,32,32,0,1,1,4286611584
tile_IWBTG,2048,512,32,352,32,32,0,1,1,4286611584
tile_IWBTG,2080,512,32,352,32,32,0,1,1,4286611584
tile_IWBTG,2048,544,32,352,32,32,0,1,1,4286611584
tile_IWBTG,2080,544,32,352,32,32,0,1,1,4286611584
tile_IWBTG,2112,448,32,352,32,32,0,1,1,4286611584
tile_IWBTG,2144,448,32,352,32,32,0,1,1,4286611584
tile_IWBTG,2112,480,32,352,32,32,0,1,1,4286611584
tile_IWBTG,2144,480,32,352,32,32,0,1,1,4286611584
tile_IWBTG,2112,512,32,352,32,32,0,1,1,4286611584
tile_IWBTG,2144,512,32,352,32,32,0,1,1,4286611584
tile_IWBTG,2112,544,32,352,32,32,0,1,1,4286611584
tile_IWBTG,2144,544,32,352,32,32,0,1,1,4286611584
tile_IWBTG,2176,448,32,352,32,32,0,1,1,4286611584
tile_IWBTG,2208,448,32,352,32,32,0,1,1,4286611584
tile_IWBTG,2176,480,32,352,32,32,0,1,1,4286611584
tile_IWBTG,2208,480,32,352,32,32,0,1,1,4286611584
tile_IWBTG,2176,512,32,352,32,32,0,1,1,4286611584
tile_IWBTG,2208,512,32,352,32,32,0,1,1,4286611584
tile_IWBTG,2176,544,32,352,32,32,0,1,1,4286611584
tile_IWBTG,2208,544,32,352,32,32,0,1,1,4286611584
tile_IWBTG,2240,448,32,352,32,32,0,1,1,4286611584
tile_IWBTG,2272,448,32,352,32,32,0,1,1,4286611584
tile_IWBTG,2240,480,32,352,32,32,0,1,1,4286611584
tile_IWBTG,2272,480,32,352,32,32,0,1,1,4286611584
tile_IWBTG,2240,512,32,352,32,32,0,1,1,4286611584
tile_IWBTG,2272,512,32,352,32,32,0,1,1,4286611584
tile_IWBTG,2240,544,32,352,32,32,0,1,1,4286611584
tile_IWBTG,2272,544,32,352,32,32,0,1,1,4286611584
tile_IWBTG,2304,448,32,352,32,32,0,1,1,4286611584
tile_IWBTG,2336,448,32,352,32,32,0,1,1,4286611584
tile_IWBTG,2304,480,32,352,32,32,0,1,1,4286611584
tile_IWBTG,2336,480,32,352,32,32,0,1,1,4286611584
tile_IWBTG,2304,512,32,352,32,32,0,1,1,4286611584
tile_IWBTG,2336,512,32,352,32,32,0,1,1,4286611584
tile_IWBTG,2304,544,32,352,32,32,0,1,1,4286611584
tile_IWBTG,2336,544,32,352,32,32,0,1,1,4286611584
tile_IWBTG,2368,448,32,352,32,32,0,1,1,4286611584
tile_IWBTG,2368,480,32,352,32,32,0,1,1,4286611584
tile_IWBTG,2368,512,32,352,32,32,0,1,1,4286611584
tile_IWBTG,2368,544,32,352,32,32,0,1,1,4286611584
tile_IWBTG,1888,576,0,96,32,32,0,16,1,4294967295
tile_IWBTG,1888,448,32,352,32,32,0,1,1,4286611584
tile_IWBTG,1888,480,32,352,32,32,0,1,1,4286611584
tile_IWBTG,1888,512,32,352,32,32,0,1,1,4286611584
tile_IWBTG,1888,544,32,352,32,32,0,1,1,4286611584
tile_IWBTG,2400,576,0,96,32,32,0,1,1,4294967295
tile_IWBTG,2432,576,0,96,32,32,0,1,1,4294967295
tile_IWBTG,2400,448,32,352,32,32,0,1,1,4286611584
tile_IWBTG,2432,448,32,352,32,32,0,1,1,4286611584
tile_IWBTG,2400,480,32,352,32,32,0,1,1,4286611584
tile_IWBTG,2432,480,32,352,32,32,0,1,1,4286611584
tile_IWBTG,2400,512,32,352,32,32,0,1,1,4286611584
tile_IWBTG,2432,512,32,352,32,32,0,1,1,4286611584
tile_IWBTG,2400,544,32,352,32,32,0,1,1,4286611584
tile_IWBTG,2432,544,32,352,32,32,0,1,1,4286611584
tile_IWBTG,2496,448,32,352,32,32,0,1,1,4286611584
tile_IWBTG,2528,448,32,352,32,32,0,1,1,4286611584
tile_IWBTG,2496,480,32,352,32,32,0,1,1,4286611584
tile_IWBTG,2528,480,32,352,32,32,0,1,1,4286611584
tile_IWBTG,2496,512,32,352,32,32,0,1,1,4286611584
tile_IWBTG,2528,512,32,352,32,32,0,1,1,4286611584
tile_IWBTG,2496,544,32,352,32,32,0,1,1,4286611584
tile_IWBTG,2528,544,32,352,32,32,0,1,1,4286611584
tile_IWBTG,2560,448,32,352,32,32,0,1,1,4286611584
tile_IWBTG,2592,448,32,352,32,32,0,1,1,4286611584
tile_IWBTG,2560,480,32,352,32,32,0,1,1,4286611584
tile_IWBTG,2592,480,32,352,32,32,0,1,1,4286611584
tile_IWBTG,2560,512,32,352,32,32,0,1,1,4286611584
tile_IWBTG,2592,512,32,352,32,32,0,1,1,4286611584
tile_IWBTG,2560,544,32,352,32,32,0,1,1,4286611584
tile_IWBTG,2592,544,32,352,32,32,0,1,1,4286611584
tile_IWBTG,2624,448,32,352,32,32,0,1,1,4286611584
tile_IWBTG,2656,448,32,352,32,32,0,1,1,4286611584
tile_IWBTG,2624,480,32,352,32,32,0,1,1,4286611584
tile_IWBTG,2656,480,32,352,32,32,0,1,1,4286611584
tile_IWBTG,2624,512,32,352,32,32,0,1,1,4286611584
tile_IWBTG,2656,512,32,352,32,32,0,1,1,4286611584
tile_IWBTG,2624,544,32,352,32,32,0,1,1,4286611584
tile_IWBTG,2656,544,32,352,32,32,0,1,1,4286611584
tile_IWBTG,2688,448,32,352,32,32,0,1,1,4286611584
tile_IWBTG,2720,448,32,352,32,32,0,1,1,4286611584
tile_IWBTG,2688,480,32,352,32,32,0,1,1,4286611584
tile_IWBTG,2720,480,32,352,32,32,0,1,1,4286611584
tile_IWBTG,2688,512,32,352,32,32,0,1,1,4286611584
tile_IWBTG,2720,512,32,352,32,32,0,1,1,4286611584
tile_IWBTG,2688,544,32,352,32,32,0,1,1,4286611584
tile_IWBTG,2720,544,32,352,32,32,0,1,1,4286611584
tile_IWBTG,2752,448,32,352,32,32,0,1,1,4286611584
tile_IWBTG,2784,448,32,352,32,32,0,1,1,4286611584
tile_IWBTG,2752,480,32,352,32,32,0,1,1,4286611584
tile_IWBTG,2784,480,32,352,32,32,0,1,1,4286611584
tile_IWBTG,2752,512,32,352,32,32,0,1,1,4286611584
tile_IWBTG,2784,512,32,352,32,32,0,1,1,4286611584
tile_IWBTG,2752,544,32,352,32,32,0,1,1,4286611584
tile_IWBTG,2784,544,32,352,32,32,0,1,1,4286611584
tile_IWBTG,2816,448,32,352,32,32,0,1,1,4286611584
tile_IWBTG,2848,448,32,352,32,32,0,1,1,4286611584
tile_IWBTG,2816,480,32,352,32,32,0,1,1,4286611584
tile_IWBTG,2848,480,32,352,32,32,0,1,1,4286611584
tile_IWBTG,2816,512,32,352,32,32,0,1,1,4286611584
tile_IWBTG,2848,512,32,352,32,32,0,1,1,4286611584
tile_IWBTG,2816,544,32,352,32,32,0,1,1,4286611584
tile_IWBTG,2848,544,32,352,32,32,0,1,1,4286611584
tile_IWBTG,2880,448,32,352,32,32,0,1,1,4286611584
tile_IWBTG,2912,448,32,352,32,32,0,1,1,4286611584
tile_IWBTG,2880,480,32,352,32,32,0,1,1,4286611584
tile_IWBTG,2912,480,32,352,32,32,0,1,1,4286611584
tile_IWBTG,2880,512,32,352,32,32,0,1,1,4286611584
tile_IWBTG,2912,512,32,352,32,32,0,1,1,4286611584
tile_IWBTG,2880,544,32,352,32,32,0,1,1,4286611584
tile_IWBTG,2912,544,32,352,32,32,0,1,1,4286611584
tile_IWBTG,2944,448,32,352,32,32,0,1,1,4286611584
tile_IWBTG,2944,480,32,352,32,32,0,1,1,4286611584
tile_IWBTG,2944,512,32,352,32,32,0,1,1,4286611584
tile_IWBTG,2944,544,32,352,32,32,0,1,1,4286611584
tile_IWBTG,2464,576,0,96,32,32,0,16,1,4294967295
tile_IWBTG,2464,448,32,352,32,32,0,1,1,4286611584
tile_IWBTG,2464,480,32,352,32,32,0,1,1,4286611584
tile_IWBTG,2464,512,32,352,32,32,0,1,1,4286611584
tile_IWBTG,2464,544,32,352,32,32,0,1,1,4286611584
tile_IWBTG,2976,576,0,96,32,32,0,1,1,4294967295
tile_IWBTG,3008,576,0,96,32,32,0,1,1,4294967295
tile_IWBTG,2976,448,32,352,32,32,0,1,1,4286611584
tile_IWBTG,3008,448,32,352,32,32,0,1,1,4286611584
tile_IWBTG,2976,480,32,352,32,32,0,1,1,4286611584
tile_IWBTG,3008,480,32,352,32,32,0,1,1,4286611584
tile_IWBTG,2976,512,32,352,32,32,0,1,1,4286611584
tile_IWBTG,3008,512,32,352,32,32,0,1,1,4286611584
tile_IWBTG,2976,544,32,352,32,32,0,1,1,4286611584
tile_IWBTG,3008,544,32,352,32,32,0,1,1,4286611584
tile_IWBTG,3072,448,32,352,32,32,0,1,1,4286611584
tile_IWBTG,3104,448,32,352,32,32,0,1,1,4286611584
tile_IWBTG,3072,480,32,352,32,32,0,1,1,4286611584
tile_IWBTG,3104,480,32,352,32,32,0,1,1,4286611584
tile_IWBTG,3072,512,32,352,32,32,0,1,1,4286611584
tile_IWBTG,3104,512,32,352,32,32,0,1,1,4286611584
tile_IWBTG,3072,544,32,352,32,32,0,1,1,4286611584
tile_IWBTG,3104,544,32,352,32,32,0,1,1,4286611584
tile_IWBTG,3136,448,32,352,32,32,0,1,1,4286611584
tile_IWBTG,3168,448,32,352,32,32,0,1,1,4286611584
tile_IWBTG,3136,480,32,352,32,32,0,1,1,4286611584
tile_IWBTG,3168,480,32,352,32,32,0,1,1,4286611584
tile_IWBTG,3136,512,32,352,32,32,0,1,1,4286611584
tile_IWBTG,3168,512,32,352,32,32,0,1,1,4286611584
tile_IWBTG,3136,544,32,352,32,32,0,1,1,4286611584
tile_IWBTG,3168,544,32,352,32,32,0,1,1,4286611584
tile_IWBTG,3200,448,32,352,32,32,0,1,1,4286611584
tile_IWBTG,3232,448,32,352,32,32,0,1,1,4286611584
tile_IWBTG,3200,480,32,352,32,32,0,1,1,4286611584
tile_IWBTG,3232,480,32,352,32,32,0,1,1,4286611584
tile_IWBTG,3200,512,32,352,32,32,0,1,1,4286611584
tile_IWBTG,3232,512,32,352,32,32,0,1,1,4286611584
tile_IWBTG,3200,544,32,352,32,32,0,1,1,4286611584
tile_IWBTG,3232,544,32,352,32,32,0,1,1,4286611584
tile_IWBTG,3264,448,32,352,32,32,0,1,1,4286611584
tile_IWBTG,3296,448,32,352,32,32,0,1,1,4286611584
tile_IWBTG,3264,480,32,352,32,32,0,1,1,4286611584
tile_IWBTG,3296,480,32,352,32,32,0,1,1,4286611584
tile_IWBTG,3264,512,32,352,32,32,0,1,1,4286611584
tile_IWBTG,3296,512,32,352,32,32,0,1,1,4286611584
tile_IWBTG,3264,544,32,352,32,32,0,1,1,4286611584
tile_IWBTG,3296,544,32,352,32,32,0,1,1,4286611584
tile_IWBTG,3328,448,32,352,32,32,0,1,1,4286611584
tile_IWBTG,3360,448,32,352,32,32,0,1,1,4286611584
tile_IWBTG,3328,480,32,352,32,32,0,1,1,4286611584
tile_IWBTG,3360,480,32,352,32,32,0,1,1,4286611584
tile_IWBTG,3328,512,32,352,32,32,0,1,1,4286611584
tile_IWBTG,3360,512,32,352,32,32,0,1,1,4286611584
tile_IWBTG,3328,544,32,352,32,32,0,1,1,4286611584
tile_IWBTG,3360,544,32,352,32,32,0,1,1,4286611584
tile_IWBTG,3392,448,32,352,32,32,0,1,1,4286611584
tile_IWBTG,3424,448,32,352,32,32,0,1,1,4286611584
tile_IWBTG,3392,480,32,352,32,32,0,1,1,4286611584
tile_IWBTG,3424,480,32,352,32,32,0,1,1,4286611584
tile_IWBTG,3392,512,32,352,32,32,0,1,1,4286611584
tile_IWBTG,3424,512,32,352,32,32,0,1,1,4286611584
tile_IWBTG,3392,544,32,352,32,32,0,1,1,4286611584
tile_IWBTG,3424,544,32,352,32,32,0,1,1,4286611584
tile_IWBTG,3456,448,32,352,32,32,0,1,1,4286611584
tile_IWBTG,3488,448,32,352,32,32,0,1,1,4286611584
tile_IWBTG,3456,480,32,352,32,32,0,1,1,4286611584
tile_IWBTG,3488,480,32,352,32,32,0,1,1,4286611584
tile_IWBTG,3456,512,32,352,32,32,0,1,1,4286611584
tile_IWBTG,3488,512,32,352,32,32,0,1,1,4286611584
tile_IWBTG,3456,544,32,352,32,32,0,1,1,4286611584
tile_IWBTG,3488,544,32,352,32,32,0,1,1,4286611584
tile_IWBTG,3520,448,32,352,32,32,0,1,1,4286611584
tile_IWBTG,3520,480,32,352,32,32,0,1,1,4286611584
tile_IWBTG,3520,512,32,352,32,32,0,1,1,4286611584
tile_IWBTG,3520,544,32,352,32,32,0,1,1,4286611584
tile_IWBTG,3040,576,0,96,32,32,0,16,1,4294967295
tile_IWBTG,3040,448,32,352,32,32,0,1,1,4286611584
tile_IWBTG,3040,480,32,352,32,32,0,1,1,4286611584
tile_IWBTG,3040,512,32,352,32,32,0,1,1,4286611584
tile_IWBTG,3040,544,32,352,32,32,0,1,1,4286611584
tile_IWBTG,3552,576,0,96,32,32,0,1,1,4294967295
tile_IWBTG,3584,576,0,96,32,32,0,1,1,4294967295
tile_IWBTG,3552,448,32,352,32,32,0,1,1,4286611584
tile_IWBTG,3584,448,32,352,32,32,0,1,1,4286611584
tile_IWBTG,3552,480,32,352,32,32,0,1,1,4286611584
tile_IWBTG,3584,480,32,352,32,32,0,1,1,4286611584
tile_IWBTG,3552,512,32,352,32,32,0,1,1,4286611584
tile_IWBTG,3584,512,32,352,32,32,0,1,1,4286611584
tile_IWBTG,3552,544,32,352,32,32,0,1,1,4286611584
tile_IWBTG,3584,544,32,352,32,32,0,1,1,4286611584
tile_IWBTG,3648,448,32,352,32,32,0,1,1,4286611584
tile_IWBTG,3680,448,32,352,32,32,0,1,1,4286611584
tile_IWBTG,3648,480,32,352,32,32,0,1,1,4286611584
tile_IWBTG,3680,480,32,352,32,32,0,1,1,4286611584
tile_IWBTG,3648,512,32,352,32,32,0,1,1,4286611584
tile_IWBTG,3680,512,32,352,32,32,0,1,1,4286611584
tile_IWBTG,3648,544,32,352,32,32,0,1,1,4286611584
tile_IWBTG,3680,544,32,352,32,32,0,1,1,4286611584
tile_IWBTG,3712,448,32,352,32,32,0,1,1,4286611584
tile_IWBTG,3744,448,32,352,32,32,0,1,1,4286611584
tile_IWBTG,3712,480,32,352,32,32,0,1,1,4286611584
tile_IWBTG,3744,480,32,352,32,32,0,1,1,4286611584
tile_IWBTG,3712,512,32,352,32,32,0,1,1,4286611584
tile_IWBTG,3744,512,32,352,32,32,0,1,1,4286611584
tile_IWBTG,3712,544,32,352,32,32,0,1,1,4286611584
tile_IWBTG,3744,544,32,352,32,32,0,1,1,4286611584
tile_IWBTG,3776,448,32,352,32,32,0,1,1,4286611584
tile_IWBTG,3808,448,32,352,32,32,0,1,1,4286611584
tile_IWBTG,3776,480,32,352,32,32,0,1,1,4286611584
tile_IWBTG,3808,480,32,352,32,32,0,1,1,4286611584
tile_IWBTG,3776,512,32,352,32,32,0,1,1,4286611584
tile_IWBTG,3808,512,32,352,32,32,0,1,1,4286611584
tile_IWBTG,3776,544,32,352,32,32,0,1,1,4286611584
tile_IWBTG,3808,544,32,352,32,32,0,1,1,4286611584
tile_IWBTG,3840,448,32,352,32,32,0,1,1,4286611584
tile_IWBTG,3872,448,32,352,32,32,0,1,1,4286611584
tile_IWBTG,3840,480,32,352,32,32,0,1,1,4286611584
tile_IWBTG,3872,480,32,352,32,32,0,1,1,4286611584
tile_IWBTG,3840,512,32,352,32,32,0,1,1,4286611584
tile_IWBTG,3872,512,32,352,32,32,0,1,1,4286611584
tile_IWBTG,3840,544,32,352,32,32,0,1,1,4286611584
tile_IWBTG,3872,544,32,352,32,32,0,1,1,4286611584
tile_IWBTG,3904,448,32,352,32,32,0,1,1,4286611584
tile_IWBTG,3936,448,32,352,32,32,0,1,1,4286611584
tile_IWBTG,3904,480,32,352,32,32,0,1,1,4286611584
tile_IWBTG,3936,480,32,352,32,32,0,1,1,4286611584
tile_IWBTG,3904,512,32,352,32,32,0,1,1,4286611584
tile_IWBTG,3936,512,32,352,32,32,0,1,1,4286611584
tile_IWBTG,3904,544,32,352,32,32,0,1,1,4286611584
tile_IWBTG,3936,544,32,352,32,32,0,1,1,4286611584
tile_IWBTG,3968,448,32,352,32,32,0,1,1,4286611584
tile_IWBTG,3968,480,32,352,32,32,0,1,1,4286611584
tile_IWBTG,3968,512,32,352,32,32,0,1,1,4286611584
tile_IWBTG,3968,544,32,352,32,32,0,1,1,4286611584
tile_IWBTG,3616,576,0,96,32,32,0,16,1,4294967295
tile_IWBTG,3616,448,32,352,32,32,0,1,1,4286611584
tile_IWBTG,3616,480,32,352,32,32,0,1,1,4286611584
tile_IWBTG,3616,512,32,352,32,32,0,1,1,4286611584
tile_IWBTG,3616,544,32,352,32,32,0,1,1,4286611584
