SkyGradient,848,56,74D211CB,0,1,1,4294967295,0,1
SkyGradient,864,88,70C16890,0,1,1,4294967295,0,1
SolidSprite,1952,-352,0DF25967,0,2,2,4294967295,0,1
SpikeU,1440,544,AE7A7DF8,0,1,1,4294967295,0,0
SpikeU,1504,544,003DBE45,0,1,1,4294967295,0,0
SpikeU,1568,544,0017BC2F,0,1,1,4294967295,0,0
SpikeU,1632,544,00159E75,0,1,1,4294967295,0,0
SpikeU,1696,544,002DA310,0,1,1,4294967295,0,0
SpikeU,1184,544,68993FC0,0,1,1,4294967295,0,0
SpikeU,1248,544,720F1ADA,0,1,1,4294967295,0,0
SpikeU,1312,544,8CCDE7B7,0,1,1,4294967295,0,0
SpikeU,1120,544,EFE28156,0,1,1,4294967295,0,0
SpikeU,928,640,7C696B8A,0,1,1,4294967295,0,0
SpikeR,928,608,5ED9DD22,0,1,1,4294967295,0,0
SpikeD,960,608,EF08C2C3,0,1,1,4294967295,0,0
SpikeL,960,640,BD5904FA,0,1,1,4294967295,0,0
MiniSpikeDown,1008,608,9CBABCB1,0,1,1,4294967295,0,0
MiniSpikeRight,992,608,5F580E04,0,1,1,4294967295,0,0
MiniSpikeLeft,1008,624,36076CB9,0,1,1,4294967295,0,0
MiniSpikeUp,992,624,91F10E8A,0,1,1,4294967295,0,0
DropShadow,1488,272,3B2636E3,0,1,1,4294967295,0,0
SpikeU,976,352,963D389F,0,1,1,4294967295,0,0
SpikeD,928,608,2BAC1515,0,0.3535533905933,1.7677669529664,4294967295,135,0
SpikeD,896,528,148B38D6,0,1,1,4294967295,135,0
SpikeL,1088,512,A4901618,0,1,2,4294967295,0,1
MiniSpikeLeft,944,512,F851FABA,0,2,2,4294967295,45,0
SpikeR,752,224,A5AD0031,0,1,1,4294967295,0,1
MiniSpikeUp,1072,240,786EC5A3,0,1,1,4294967295,0,0
MiniSpikeDown,1072,192,FFEDE641,0,1,1,4294967295,0,0
MiniSpikeUp,1072,176,4621C52E,0,1,1,4294967295,0,0
SpikeU,1152,544,B1CDAF89,0,1,1,4294967295,0,0
SpikeU,1216,544,466E08BA,0,1,1,4294967295,0,0
SpikeU,1280,544,EF152694,0,1,1,4294967295,0,0
SpikeU,1344,544,12E2CD9C,0,1,1,4294967295,0,0
SpikeU,1408,544,00277153,0,1,1,4294967295,0,0
SpikeU,1472,544,53C75736,0,1,1,4294967295,0,0
SpikeU,1376,544,0018F542,0,1,1,4294967295,0,0
SpikeD,1088,192,CA9ABE7A,0,1,1,4294967295,0,0
SpikeU,1088,160,ECEB1E61,0,1,1,4294967295,0,0
SpikeD,1120,208,3E6AF7A4,0,1,1,4294967295,0,0
SpikeU,1088,480,E4AD2337,0,1,1,4294967295,0,0
SpikeD,1184,128,66FD9686,0,1,1,4294967295,0,0
SpikeD,1216,128,F5DCB4D9,0,1,1,4294967295,0,0
SpikeD,1248,128,70BC109E,0,1,1,4294967295,0,0
SpikeD,1280,128,ACEB09A9,0,1,1,4294967295,0,0
SpikeD,1312,128,AB6D9741,0,1,1,4294967295,0,0
SpikeD,1344,128,E94A3085,0,1,1,4294967295,0,0
SpikeD,1376,128,5918D03B,0,1,1,4294967295,0,0
SpikeD,1408,128,C8909E60,0,1,1,4294967295,0,0
SpikeD,1440,128,6AE047CB,0,1,1,4294967295,0,0
SpikeD,1472,128,94BFDD2C,0,1,1,4294967295,0,0
SpikeD,1504,128,22A96099,0,1,1,4294967295,0,0
SpikeD,1536,128,8D067685,0,1,1,4294967295,0,0
SpikeD,1568,128,1AF64CE7,0,1,1,4294967295,0,0
SpikeD,1600,128,2A05393C,0,1,1,4294967295,0,0
SpikeD,1632,128,03370BF8,0,1,1,4294967295,0,0
SpikeD,1664,128,CC5D90B2,0,1,1,4294967295,0,0
SpikeD,1696,128,0C7B21BE,0,1,1,4294967295,0,0
SpikeD,1728,128,A2D73123,0,1,1,4294967295,0,0
SpikeL,1152,96,EDF2699D,0,1,1,4294967295,0,0
SpikeU,1120,176,1F57A36C,0,1,1,4294967295,0,0
SpikeU,1600,544,43D50718,0,1,1,4294967295,0,0
SpikeU,1664,544,7107E6B7,0,1,1,4294967295,0,0
SpikeU,1728,544,6C26C873,0,1,1,4294967295,0,0
MiniSpikeLeft,944,256,DEA0311F,0,1,1,4294967295,0,0
MiniSpikeLeft,944,272,30D74023,0,1,1,4294967295,0,0
SpikeU,1536,544,78933847,0,1,1,4294967295,0,0
SpikeL,576,288,F387CA7B,0,1,1,4294967295,0,0
SpikeR,512,384,7ED91E62,0,1,1,4294967295,0,0
SpikeL,576,432,B3D8D6F5,0,1,1,4294967295,0,0
SpikeU,608,256,5EE5088F,0,1,1,4294967295,0,0
SpikeR,512,480,1007B9AB,0,1,1,4294967295,0,0
SpikeD,608,480,4AEB18A5,0,1,1,4294967295,0,0
SpikeR,512,112,6B748F62,0,1,1,4294967295,0,0
SpikeL,576,112,D24D29B5,0,1,1,4294967295,0,0
SpikeD,544,48,B08A786F,0,1,1,4294967295,0,0
SpikeU,544,-16,224D9725,0,1,1,4294967295,0,0
SpikeD,480,512,421C61CA,0,1,1,4294967295,0,0
SpikeU,320,480,43D9D07E,0,3,3,4294967295,0,0
SpikeU,400,512,EB5FDDD2,0,2.5,2.5,4294967295,90,0
SpikeU,416,352,F0D55B22,0,3,3,4294967295,270,0
SpikeD,400,256,CE5517E5,0,2.5,2.5,4294967295,0,0
SpikeR,320,256,A509B676,0,1.5,1.5,4294967295,0,0
MiniSpikeLeft,528,16,69933E61,0,1,1,4294967295,0,0
MiniSpikeRight,576,16,AACCC06D,0,1,1,4294967295,0,0
MiniSpikeUp,1184,80,94063915,0,1,1,4294967295,0,0
MiniSpikeUp,1200,80,D7BF0D41,0,1,1,4294967295,0,0
SpikeU,1216,64,57669BBF,0,1,1,4294967295,0,0
SpikeD,1264,0,33A12487,0,1,1,4294967295,0,0
Warp,2016,288,CD58B62D,0,5,5,4294967295,0,1
Autotiler,1488,240,E883BB22,0,1,1,4294967295,0,1
Block,896,576,001A25E1,0,1,1,4294967295,0,0
Block,960,384,C02FCF6E,0,1,4,4294967295,0,0
Block,960,352,6C557C17,0,1,1,4294967295,0,0
Block,1056,288,8EE14D1E,0,1,9,4294967295,0,0
Block,960,256,A9AB8055,0,2,1,4294967295,0,0
Block,992,384,6B268338,0,1,4,4294967295,0,0
Block,1024,576,F3A8C9BC,0,25,1,4294967295,0,0
Block,800,512,51587425,0,3,3,4294967295,0,0
Block,768,256,48C9FB05,0,1,11,4294967295,0,0
Block,1088,512,2F3E411D,0,1,2,4294967295,0,0
Block,1184,96,405605C1,0,19,1,4294967295,0,0
Block,1760,128,E1C027A5,0,1,1,4294967295,0,0
Block,1824,576,A15742AF,0,18,1,4294967295,0,0
Block,1024,288,DEDBD6DE,0,1,1,4294967295,0,0
Block,1056,256,54CEAEE9,0,1,1,4294967295,0,0
Block,608,288,0FE4A7F6,0,5,6,4294967295,0,0
Block,608,128,3409C714,0,6,1,4294967295,0,0
Block,736,96,4C2FCF0A,0,2,1,4294967295,0,0
Block,608,96,312E4DF0,0,4,1,4294967295,0,0
Block,480,96,58AA67D8,0,1,13,4294967295,0,0
Block,480,576,E12754B6,0,9,1,4294967295,0,0
Block,320,576,58C8407B,0,5,1,4294967295,0,0
Block,288,256,19EDFE14,0,1,8,4294967295,0,0
Block,0,320,D3DA334F,0,1,9,4294967295,0,0
Block,0,0,531E3E19,0,1,10,4294967295,0,0
Block,0,-32,11A1B5A3,0,75,1,4294967295,0,0
Block,192,96,D071D625,0,1,12,4294967295,0,0
Block,288,576,F1CEB068,0,1,1,4294967295,0,0
Block,904,104,7646446A,0,0.5,0.5,4294967295,0,0
Block,1032,104,C575D3EB,0,0.5,0.5,4294967295,0,0
Block,768,64,0F3BF1FF,0,1,1,4294967295,0,0
Block,1824,0,71567741,0,1,11,4294967295,0,0
Block,1696,32,52252E03,0,3,2,4294967295,0,0
Block,1824,416,9202570F,0,3,1,4294967295,0,0
Block,1824,448,66E5E202,0,1,4,4294967295,0,0
Block,1920,352,078A6AC3,0,1,3,4294967295,0,0
Block,1856,256,CD84414C,0,3,1,4294967295,0,0
Signpost,288,224,3FF7F54B,0,1,1,4294967295,0,1
Signpost,1728,304,BB542932,0,1,1,4294967295,0,1
Signpost,1632,64,40BB1885,0,1,1,4294967295,0,1
Signpost,832,480,245D7F46,0,1,1,4294967295,0,1
Signpost,1920,320,38ECD067,0,1,1,4294967295,0,1
MusicPlayer,1456,240,003C2ED2,0,1,1,4294967295,0,1
Cherry,1008,656,19FF70DC,0,1,1,4294967295,0,0
BulletBlock,896,608,45D5B31A,0,1,1,4294967295,0,0
SavePointHard,896,640,3B43921F,0,1,1,4294967295,0,0
SavePointHard,800,480,45791119,0,1,1,4294967295,0,0
Platform,1024,496,942D880D,0,1,1,4294967295,0,0
FakeBlock,992,352,26E75F82,0,1,1,4294967295,0,0
Cherry,896,576,6FB194CE,0,1,1,4294967295,0,0
TrapRedirect,784,544,56336209,0,1,1,4294967295,0,0
TrapStop,1120,544,76C6DC75,0,1,1,4294967295,0,0
TriggerInstance,976,512,BFE73109,0,1.5,2,4294967295,0,1
TriggerInstance,800,264,AC4BC338,0,5,0.5,4294967295,0,1
Gibboulus,992,256,7349D28C,0,-1,1,4294967295,0,1
Platform,1104,432,62C900B1,0,2,1,4294967295,0,0
AddTrigger,1104,432,97F25019,0,1,1,4294967295,0,1
TriggerInstance,1104,416,47F199FE,0,2,0.5,4294967295,0,1
Cherry,1104,240,2F94AB6E,0,1,1,4294967295,0,0
Cherry,1184,160,52831BE5,0,1,1,4294967295,0,0
Cherry,1232,192,5436AF77,0,2.9090909090909,2.6666666666667,4294967295,0,0
Cherry,1200,240,1B3E8C34,0,1.4545454545455,1.3333333333333,4294967295,0,0
Cherry,1104,112,48B3E3A5,0,1.4545454545455,1.3333333333333,4294967295,0,1
Cherry,1040,144,8C2C84FE,0,1,1,4294967295,0,0
Platform,1728,336,F691CC13,0,1,1,4294967295,0,0
SlopeTR,992,288,ABFCB735,0,1,1,4294967295,0,0
Cherry,560,352,7FD64F3C,0,1,1,4294967295,0,0
Cherry,528,304,9F912BB8,0,1,1,4294967295,0,0
Cherry,592,400,16ED24E8,0,1,1,4294967295,0,0
Cherry,544,448,A044D4F3,0,1,1,4294967295,0,0
Cherry,576,496,49801875,0,1,1,4294967295,0,0
SavePointHard,688,512,43B4806B,0,1,1,4294967295,0,0
Platform,688,544,FE466215,0,1,1,4294967295,0,0
YokuGroup,32,0,329BC88A,0,3,6.3333333333333,4294967295,0,0
ActualYokuBlock,240,256,9C684AFD,0,1,1,4294967295,0,1
ActualYokuBlock,240,544,EDCE85DB,0,1,1,4294967295,0,1
Cherry,256,432,6C2814F7,0,1,1,4294967295,0,0
TriggerInstance,1088,0,21F421BD,0,1,2.5,4294967295,0,1
Cherry,240,144,DBA9901C,0,1,1,4294967295,0,0
Cherry,272,144,088A40EF,0,1,1,4294967295,0,0
Cherry,304,144,C4763FD2,0,1,1,4294967295,0,0
Cherry,336,144,EF9A48E0,0,1,1,4294967295,0,0
Cherry,368,144,E064B9FC,0,1,1,4294967295,0,0
Cherry,400,144,F9CA176B,0,1,1,4294967295,0,0
Cherry,432,144,4B9AEC03,0,1,1,4294967295,0,0
Cherry,464,144,AEC7D301,0,1,1,4294967295,0,0
FakeBlock,288,96,ED4B07A9,0,1,1,4294967295,0,0
YokuBlock,256,96,CFDEF873,0,1,1,4294967295,0,0
YokuBlock,320,96,632D5368,0,1,1,4294967295,0,0
ActualYokuBlock,96,544,408530D2,0,1,1,4294967295,0,1
ActualYokuBlock,64,448,351BF88D,0,1,1,4294967295,0,1
ActualYokuBlock,144,352,D876EC46,0,1,1,4294967295,0,1
ActualYokuBlock,64,256,1C11223C,0,1,1,4294967295,0,1
ActualYokuBlock,112,160,A1348A4C,0,1,1,4294967295,0,0
AddTrigger,64,416,E15A1476,0,1,1,4294967295,0,1
TriggerInstance,32,464,7EB4C417,0,5,0.5,4294967295,0,1
Cherry,112,320,F2267C3E,0,1,1,4294967295,0,1
AddTrigger,144,336,EFD39829,0,1,1,4294967295,0,1
TriggerInstance,144,350,53FB821A,0,1,0.1,4294967295,0,1
TriggerInstance,32,288,7E638738,0,5,0.5,4294967295,0,1
TrapDestroy,48,0,599C5EB8,0,4.5,1,4294967295,0,0
EvilSprite,208,96,4E4F7EEB,0,1,1,4294967295,0,1
TriggerInstance,192,64,BA6AB5E0,0,1,1,4294967295,0,1
YokuBlock,80,160,CEBF1A8B,0,1,1,4294967295,0,0
YokuBlock,48,160,D04114E8,0,1,1,4294967295,0,0
YokuBlock,144,160,5CE14A1D,0,1,1,4294967295,0,0
SavePointHard,672,64,C31043BD,0,1,1,4294967295,0,0
SavePointHard,1024,256,E494C284,0,1,1,4294967295,0,0
SavePointHard,1760,0,F336021C,0,1,1,4294967295,0,0
SolidSprite,1824,576,27D7371F,0,2,15,4294967295,180,1
TriggerInstance,1728,0,62FC6176,0,1,1,4294967295,0,1
SavePointHard,1856,384,275CD5A7,0,1,1,4294967295,0,0
TriggerInstance,1824,352,627223E7,0,3,2,4294967295,0,1
Cloud,1920,64,3C154D89,0,1,1,4294967295,0,0
Cloud,2048,128,D8858984,0,1,1,4294967295,0,0
Cloud,2176,32,CB661992,0,1,1,4294967295,0,0
Cloud,2304,128,138417C3,0,1,1,4294967295,0,0
Cloud,2496,32,EAA78DE0,0,1,1,4294967295,0,0
Cloud,2656,96,C3F745B2,0,1,1,4294967295,0,0
Cloud,2816,32,829CA8AE,0,1,1,4294967295,0,0
Cloud,2912,160,EC86DB12,0,1,1,4294967295,0,0
Cloud,3040,32,71ACFB22,0,1,1,4294967295,0,0
Cloud,3168,128,7D976456,0,1,1,4294967295,0,0
Cloud,3296,0,97245F37,0,1,1,4294967295,0,0
Cloud,3424,128,81E1A165,0,1,1,4294967295,0,0
Cloud,3616,96,09415211,0,1,1,4294967295,0,0
Cloud,3744,160,7D889686,0,1,1,4294967295,0,0
Cloud,3872,0,3CB54308,0,1,1,4294967295,0,0
Cloud,3968,128,2E209BA6,0,1,1,4294967295,0,0
Cloud,3520,32,5620B519,0,1,1,4294967295,0,0
Cloud,3296,192,3A04995D,0,1,1,4294967295,0,0
Cloud,2784,96,3C652B75,0,1,1,4294967295,0,0
Cloud,2464,128,3EB17966,0,1,1,4294967295,0,0
Cloud,2048,32,D282B9A0,0,1,1,4294967295,0,0
Cloud,1920,128,AD7906A7,0,1,1,4294967295,0,0
NoKillZone,1856,288,AAEBA424,0,2,4,4294967295,0,1
NoKillZone,2336,352,2547051D,0,4,4,4294967295,0,0
NoKillZone,3136,352,C1EC414E,0,4,4,4294967295,0,0
PlayerStart,832,480,96BD2CE7,0,1,1,4294967295,0,0
Water1,320,256,B8989308,0,14,10,4294967295,0,1
Water1,1856,448,DC877C6C,0,67,4,4294967295,0,0
