FadeWarp,1888,208,3C914C5D,0,2,2,4294967295,0,1
Autotiler,64,32,E883BB22,0,1,1,4294967295,0,1
Block,0,576,001A25E1,0,5,1,4294967295,0,0
Block,-32,384,49612B2C,0,1,7,4294967295,0,0
Block,224,448,60BB4F28,0,3,3,4294967295,0,0
Block,416,384,C7189F6B,0,3,3,4294967295,0,0
Block,672,384,CFE3A8C1,0,8,5,4294967295,0,0
Block,1024,288,6A7F13E9,0,5,7,4294967295,0,0
Block,1312,352,86D45685,0,4,6,4294967295,0,0
Block,1536,352,4519D5B4,0,8,2,4294967295,0,0
Block,1856,288,B1C504DC,0,4,8,4294967295,0,0
MusicPlayer,32,32,003C2ED2,0,1,1,4294967295,0,1
CameraFull,96,32,A093297C,0,1,1,4294967295,0,1
SavePointHard,96,544,34514F45,0,1,1,4294967295,0,0
SavePointHard,448,352,1508ED59,0,1,1,4294967295,0,0
SavePointHard,256,416,17CEDBFE,0,1,1,4294967295,0,0
onEventSave,32,192,D9459297,0,1,1,4294967295,0,1
TextDraw,384,160,1FF727CA,0,5,5,4294967295,0,1
TextDraw,384,256,C9AA9253,0,5,5,4294967295,0,1
TriggerCodeInterval,32,128,4E166959,0,1,1,4294967295,0,1
TriggerCodeInterval,64,192,08E0143B,0,1,1,4294967295,0,1
onEventSave,32,224,E4395353,0,1,1,4294967295,0,1
TriggerCodeInterval,64,224,2F3F408A,0,1,1,4294967295,0,1
TriggerInstance,512,32,9FF9359E,0,2,17,4294967295,0,1
TriggerCodeInterval,640,288,7AE7AA12,0,1,1,4294967295,0,1
DisplayItem2,384,512,56D7D571,0,1,1,4294967295,0,0
TriggerCodeInterval,32,160,D9178D6E,0,1,1,4294967295,0,1
DisplayItem1,96,352,7E59E034,0,1,1,4294967295,0,0
DisplayItem3,864,128,9321BB52,0,1,1,4294967295,0,0
DisplayItem4,1120,64,F503ECD7,0,1,1,4294967295,0,0
DisplayItem5,1312,160,E57F500B,0,1,1,4294967295,0,0
DisplayItem6,1504,128,1167EE21,0,1,1,4294967295,0,0
DisplayItem7,1696,160,7A9422B8,0,1,1,4294967295,0,0
DisplayItem8,2048,160,E241A8CB,0,10,10,4294967295,0,0
SavePointHard,736,320,AF10696C,0,2,2,4294967295,0,0
SavePointHard,1072,288,81613FC5,0,2,2,4294967295,90,0
SavePointHard,1360,352,488CB9A4,0,1,-1,4294967295,0,0
SavePointHard,896,352,6CB8CF6D,0,-1,1,4294967295,0,0
PlayerStart,64,544,96BD2CE7,0,1,1,4294967295,0,1
