SpikeU,-96,384,7C696B8A,0,1,1,4294967295,0,0
SpikeR,-96,352,5ED9DD22,0,1,1,4294967295,0,0
SpikeD,-64,352,EF08C2C3,0,1,1,4294967295,0,0
SpikeL,-64,384,BD5904FA,0,1,1,4294967295,0,0
MiniSpikeDown,-32,352,9CBABCB1,0,1,1,4294967295,0,0
MiniSpikeRight,-32,352,5F580E04,0,1,1,4294967295,0,0
MiniSpikeLeft,-32,352,36076CB9,0,1,1,4294967295,0,0
MiniSpikeUp,-32,352,91F10E8A,0,1,1,4294967295,0,0
Autotiler,352,416,E883BB22,0,1,1,4294967295,0,1
Block,0,0,29DC6FB4,0,19,2,4294967295,0,0
Block,512,64,F7752D19,0,3,8,4294967295,0,0
Block,256,320,5C086F16,0,31,1,4294967295,0,0
Block,256,416,75CE1152,0,2,10,4294967295,0,0
Block,320,576,5EB99734,0,15,2,4294967295,0,0
Block,736,640,3B036A60,0,2,8,4294967295,0,0
Block,928,544,6F1C3BF8,0,3,3,4294967295,0,0
Block,928,736,6C964469,0,3,7,4294967295,0,0
Block,896,416,87623A3D,0,11,1,4294967295,0,0
Block,1152,448,24A01E00,0,3,21,4294967295,0,0
Block,416,1024,BE03AC69,0,23,3,4294967295,0,0
Block,416,864,E1D93ED0,0,3,5,4294967295,0,0
Block,0,896,CB7C3BC9,0,13,3,4294967295,0,0
Block,0,64,007241F8,0,3,26,4294967295,0,0
Block,256,352,5EA22211,0,2,2,4294967295,0,0
Block,768,352,B73E8E63,0,15,2,4294967295,0,0
Block,320,352,FC05229A,0,14,2,4294967295,0,0
MusicPlayer,320,416,003C2ED2,0,1,1,4294967295,0,1
Cherry,-32,384,19FF70DC,0,1,1,4294967295,0,0
BulletBlock,-128,352,45D5B31A,0,1,1,4294967295,0,0
Dog,384,192,3452FB58,0,2,2,4294967295,0,1
SavePointHard,416,544,7D7AFD7A,0,1,1,4294967295,0,0
CameraOverride,384,416,1B013A50,0,1,1,4294967295,0,1
PlayerStart,384,544,96BD2CE7,0,1,1,4294967295,0,0
