SpikeU,-112,1040,7C696B8A,0,1,1,4294967295,0,0
SpikeR,-112,1008,5ED9DD22,0,1,1,4294967295,0,0
SpikeD,-80,1008,EF08C2C3,0,1,1,4294967295,0,0
SpikeL,-80,1040,BD5904FA,0,1,1,4294967295,0,0
MiniSpikeDown,-32,1008,9CBABCB1,0,1,1,4294967295,0,0
MiniSpikeRight,-48,1008,5F580E04,0,1,1,4294967295,0,0
MiniSpikeLeft,-32,1024,36076CB9,0,1,1,4294967295,0,0
MiniSpikeUp,-48,1024,91F10E8A,0,1,1,4294967295,0,0
Autotiler,64,640,E883BB22,0,1,1,4294967295,0,1
Block,0,1184,C5C814C4,0,25,1,4294967295,0,0
Block,800,1184,6158A46A,0,24,1,4294967295,0,0
Block,1536,0,08261D16,0,1,37,4294967295,0,0
Block,0,0,4C5538B5,0,48,1,4294967295,0,0
Block,0,32,A1FAC1B2,0,1,36,4294967295,0,0
MusicPlayer,32,640,003C2ED2,0,1,1,4294967295,0,1
SavePointMedium,32,1152,168ED2C1,0,1,1,4294967295,0,0
Cherry,-32,1056,19FF70DC,0,1,1,4294967295,0,0
BulletBlock,-144,1008,45D5B31A,0,1,1,4294967295,0,0
CameraOverride,128,640,DB018074,0,1,1,4294967295,0,1
CameraFull,160,640,71B25319,0,1,1,4294967295,0,1
ParallaxBackgroundLayer,192,640,8AAA3866,0,1,1,4294967295,0,1
Item5,784,592,9BF2CCE5,0,1,1,4294967295,0,0
IceField,224,976,732379C4,0,6,4,4294967295,0,0
JumpSwitchBlock,336,992,92ED0324,0,1,1,4294967295,0,0
JumpSwitchBlock,336,1024,623FE309,0,1,1,4294967295,0,0
JumpSwitchBlock,336,1056,F77340FF,0,1,1,4294967295,0,0
PlayerStart,64,1152,96BD2CE7,0,1,1,4294967295,0,0
