SpikeU,128,640,7C696B8A,0,1,1,4294967295,0,0
SpikeR,128,608,5ED9DD22,0,1,1,4294967295,0,0
SpikeD,160,608,EF08C2C3,0,1,1,4294967295,0,0
SpikeL,160,640,BD5904FA,0,1,1,4294967295,0,0
MiniSpikeDown,208,608,9CBABCB1,0,1,1,4294967295,0,0
MiniSpikeRight,192,608,5F580E04,0,1,1,4294967295,0,0
MiniSpikeLeft,208,624,36076CB9,0,1,1,4294967295,0,0
MiniSpikeUp,192,624,91F10E8A,0,1,1,4294967295,0,0
SpikeD,160,448,A7D0B175,0,1,1,4294967295,0,0
SpikeU,160,544,D3A69592,0,1,1,4294967295,0,0
MiniSpikeUp,232,560,C8399A8E,0,1,1,4294967295,0,0
MiniSpikeDown,232,480,3F6DE556,0,1,1,4294967295,0,0
SpikeU,608,544,9A05E12F,0,1,1,4294967295,0,0
SpikeD,608,448,12743FE7,0,1,1,4294967295,0,0
MiniSpikeUp,360,560,C14D64DE,0,1,1,4294967295,0,0
MiniSpikeUp,488,560,2CAB7CB3,0,1,1,4294967295,0,0
MiniSpikeDown,488,480,0F8F989E,0,1,1,4294967295,0,0
MiniSpikeDown,360,480,7B01056C,0,1,1,4294967295,0,0
SpikeU,544,512,F0B86F09,0,1,1,4294967295,0,0
SpikeU,416,512,BC2C621C,0,1,1,4294967295,0,0
SpikeU,288,512,930D7F83,0,1,1,4294967295,0,0
SpikeD,288,448,F4AB2B9C,0,1,1,4294967295,0,0
SpikeD,416,448,3E78C7ED,0,1,1,4294967295,0,0
SpikeD,544,448,6632BCF7,0,1,1,4294967295,0,1
Autotiler,64,32,E883BB22,0,1,1,4294967295,0,1
Block,0,32,003F7A19,0,1,17,4294967295,0,0
Block,0,576,001A25E1,0,25,1,4294967295,0,0
Block,768,32,00401B8D,0,1,17,4294967295,0,0
Block,0,0,00256BF1,0,25,1,4294967295,0,0
Block,160,416,CF127508,0,1,1,4294967295,0,0
Block,224,416,F26BC742,0,1,2,4294967295,0,0
Block,288,416,F0EECAA0,0,1,1,4294967295,0,0
Block,352,416,5CCF534E,0,1,2,4294967295,0,0
Block,416,416,19D5640B,0,1,1,4294967295,0,0
Block,480,416,34BB5280,0,1,2,4294967295,0,0
Block,544,416,F30AA4EA,0,1,1,4294967295,0,0
Block,608,416,EC04CB90,0,1,1,4294967295,0,0
Block,288,544,645C50D0,0,1,1,4294967295,0,0
Block,416,544,3F724508,0,1,1,4294967295,0,0
Block,544,544,C3D9ECF7,0,1,1,4294967295,0,0
MusicPlayer,32,32,003C2ED2,0,1,1,4294967295,0,1
SavePointMedium,96,640,168ED2C1,0,1,1,4294967295,0,0
Cherry,208,656,19FF70DC,0,1,1,4294967295,0,0
BulletBlock,96,608,45D5B31A,0,1,1,4294967295,0,0
TriggerInstance,544,480,1D53A0EA,0,1,2,4294967295,0,1
PlayerStart,64,544,96BD2CE7,0,1,1,4294967295,0,0
