background_changed_special,576,96,0,288,32,32,0,1,1,4294967295
background_changed_special,608,96,32,288,32,32,0,2,1,4294967295
background_changed_special,672,96,64,288,32,32,0,1,1,4294967295
background_changed_special,672,128,64,320,32,32,0,1,4,4294967295
background_changed_special,672,256,64,352,32,32,0,1,1,4294967295
background_changed_special,608,256,32,352,32,32,0,2,1,4294967295
background_changed_special,576,256,0,352,32,32,0,1,1,4294967295
background_changed_special,576,128,0,320,32,32,0,1,4,4294967295
background_changed_special,608,128,32,320,32,32,0,2,4,4294967295
background_changed_special,160,704,160,0,32,32,0,1,1,4294967295
background_changed_special,192,704,192,0,32,32,0,1,1,4294967295
background_changed_special,160,736,160,32,64,32,0,1,1,4294967295
background_changed_special,416,672,0,224,32,32,0,1,1,4294967295
background_changed_special,416,704,0,224,32,32,0,1,1,4294967295
background_changed_special,800,640,0,224,32,32,0,-1,1,4294967295
background_changed_special,800,672,0,224,32,32,0,-1,1,4294967295
background_changed_special,416,736,448,384,32,32,0,1,1,4294967295
background_changed_special,800,704,128,224,32,32,0,-1,1,4294967295
tile_portal32,512,464,0,32,32,32,0,1,1,4294967295
tile_portal32,544,464,0,32,32,32,0,1,1,4294967295
tile_portal32,576,464,0,32,32,32,0,1,1,4294967295
tile_portal32,608,464,0,32,32,32,0,1,1,4294967295
tile_portal32,640,464,0,32,32,32,0,1,1,4294967295
tile_portal32,672,464,0,32,32,32,0,1,1,4294967295
tile_portal32,704,464,0,32,32,32,0,1,1,4294967295
tile_portal32,480,448,128,0,32,32,0,1,1,4294967295
tile_portal32,480,416,128,0,32,32,0,1,1,4294967295
tile_portal32,480,384,192,0,32,32,0,1,1,4294967295
tile_portal32,480,480,96,0,32,32,0,1,1,4294967295
tile_portal32,576,352,128,64,32,32,0,1,1,4294967295
tile_portal32,608,352,128,64,32,32,0,1,1,4294967295
tile_portal32,640,352,128,64,32,32,0,1,1,4294967295
tile_portal32,672,352,128,64,32,32,0,1,1,4294967295
tile_portal32,704,352,128,64,32,32,0,1,1,4294967295
tile_portal32,736,352,128,64,32,32,0,1,1,4294967295
background_changed_special,448,672,128,32,32,32,0,1,1,4294967295
background_changed_special,736,672,128,32,32,32,0,1,1,4294967295
background_changed_special,416,448,224,128,32,32,0,1,1,4294967295
