SectionWarp,1888,-32,229CFD69,0,10,2,4294967295,0,1
IceField,1568,768,793DE166,0,4,8,4294967295,0,1
SpikeD,1920,639,FC064E09,0,1,1,4294967295,0,1
SpikeU,2208,449,6812D228,0,1,1,4294967295,0,1
SpikeU,2272,593,21F554ED,0,1,1,4294967295,0,1
SpikeD,1632,767,B008A342,0,1,1,4294967295,0,1
SpikeL,2048,736,EC4EDDD6,0,1,1,4294967295,0,0
SpikeL,2048,768,5EB18D0F,0,1,1,4294967295,0,0
SpikeL,2048,800,C4B299E1,0,1,1,4294967295,0,0
SpikeLB,1856,865,7A84FC70,0,1,1,4294967295,0,0
SpikeTR,1856,896,F6F84A46,0,1,1,4294967295,0,0
sprKiller,1888,896,F0308E59,0,1,1,4294967295,0,0
sprKiller,1920,896,0C457642,0,1,1,4294967295,0,0
sprKiller,2016,896,8680187B,0,1,1,4294967295,0,0
sprKiller,2048,896,79DCBDCD,0,1,1,4294967295,0,0
SpikeLT,2080,896,C3CEC350,0,1,1,4294967295,0,0
SpikeD,1888,736,5C3C9D15,0,1,1,4294967295,0,0
SpikeR,1920,864,8F864D13,0,1,1,4294967295,0,0
SpikeL,2016,864,5FC41E93,0,1,1,4294967295,0,0
SpikeL,1888,864,D376BD01,0,1,1,4294967295,0,0
SpikeR,2048,864,CAA462E8,0,1,1,4294967295,0,0
SpikeLB,1887,672,6F4F63CE,0,1,1,4294967295,0,0
SpikeBR,2049,672,CC6F1ECF,0,1,1,4294967295,0,0
SpikeTR,1856,672,406789DF,0,1,1,4294967295,0,0
SpikeLT,2080,672,CC6CA902,0,1,1,4294967295,0,0
SpikeLB,1856,512,D48B0C97,0,1,1,4294967295,0,0
SpikeBR,2080,416,577CB134,0,1,1,4294967295,0,0
sprKiller,1952,352,D15E68CD,0,1,1,4294967295,0,0
sprKiller,1984,352,45D007D8,0,1,1,4294967295,0,0
sprKiller,2016,384,5883AB99,0,1,1,4294967295,0,0
sprKiller,2048,384,EF6E0EAD,0,1,1,4294967295,0,0
sprKiller,2080,384,FA5BC933,0,1,1,4294967295,0,0
SpikeLT,2111,416,148C8508,0,1,1,4294967295,0,0
SpikeLB,2111,385,1326AAC4,0,1,1,4294967295,0,0
SpikeL,1632,896,EE7C0008,0,1,1,4294967295,0,0
SpikeL,1632,928,16FDCA60,0,1,1,4294967295,0,0
SpikeL,1632,960,CE6AE85C,0,1,1,4294967295,0,0
SpikeR,1952,896,9A08C5AD,0,1,1,4294967295,0,0
SpikeL,1984,896,3288509D,0,1,1,4294967295,0,0
SpikeTR,1984,384,37E6282C,0,1,1,4294967295,0,0
SpikeR,1951,560,306E6E3C,0,1,1,4294967295,0,0
SpikeL,2049,560,F5E6F2C9,0,1,1,4294967295,0,0
SpikeTR,1664,992,2A0D7BC8,0,1,1,4294967295,0,0
sprKiller,1696,1024,E29EE86F,0,1,-1,4294967295,0,0
sprKiller,1728,1024,8183358E,0,1,-1,4294967295,0,0
SpikeLT,1760,991,4CF374FC,0,1,1,4294967295,0,0
SpikeD,1728,1023,91C0310A,0,1,1,4294967295,0,0
MiniSpikeDown,1936,736,C39F911A,0,1,1,1694498815,0,0
MiniSpikeDown,1920,736,E94AE584,0,1,1,1694498815,0,0
MiniSpikeDown,2016,736,5C78D369,0,1,1,1694498815,0,0
MiniSpikeDown,2032,736,26AD4BF1,0,1,1,1694498815,0,0
SpikeTR,1696,544,2166E900,0,1,1,4294967295,0,0
SpikeTR,1664,512,3F9C4DF3,0,1,1,4294967295,0,0
SpikeTR,1632,480,B3FE1C9E,0,1,1,4294967295,0,0
SpikeBR,1632,448,BEB63DE1,0,1,1,4294967295,0,0
SpikeBR,1664,416,12A5D27A,0,1,1,4294967295,0,0
SpikeBR,1696,384,691C0C44,0,1,1,4294967295,0,0
SpikeLT,1536,384,F3FF77C0,0,1,1,4294967295,0,0
SpikeLT,1568,352,4CE59348,0,1,1,4294967295,0,0
SpikeLT,1632,288,FCBA4282,0,1,1,4294967295,0,0
SpikeLB,1632,256,A044C057,0,1,1,4294967295,0,0
SpikeLB,1568,192,FACC566A,0,1,1,4294967295,0,0
SpikeLB,1536,160,75269FEB,0,1,1,4294967295,0,0
SpikeLB,1600,608,CA73461F,0,1,1,4294967295,0,0
SpikeLB,1568,576,771B4142,0,1,1,4294967295,0,0
SpikeLB,1536,544,E3D79926,0,1,1,4294967295,0,0
SpikeU,1888,320,49D01D4F,0,1,1,4294967295,0,0
SpikeU,1920,320,476675D2,0,1,1,4294967295,0,0
SpikeU,1952,320,F46A042B,0,1,1,4294967295,0,0
SpikeD,1938,303,7107AF12,0,1,1,4294967295,0,0
SpikeD,2015,318,73702024,0,-1,1,4294967295,0,0
SpikeBR,1937,272,75E1A6F5,0,1,1,4294967295,0,0
SpikeLB,1983,272,837ED452,0,1,1,4294967295,0,0
MiniSpikeRight,1856,832,FF08DEB4,0,1,1,4294967295,0,0
SpikeLT,1600,320,E74ED110,0,1,1,4294967295,0,0
SpikeLB,1600,224,B6D4CD5F,0,1,1,4294967295,0,0
SpikeLT,1696,32,7BC792D4,0,1,1,4294967295,0,0
SpikeLT,1536,64,1B314B04,0,1,1,4294967295,0,0
SpikeTR,2400,736,70EF6033,0,1,1,4294967295,0,0
SpikeBR,2464,960,8DD8D277,0,1,1,4294967295,0,0
SpikeLT,2432,736,C2871477,0,1,1,4294967295,0,0
SpikeLB,2432,960,3EE468A9,0,1,1,4294967295,0,0
SpikeLT,2400,1008,65F532C7,0,1,1,4294967295,0,0
SpikeBR,2369,1008,FAC51BC0,0,1,1,4294967295,0,0
SpikeR,2336,832,41122A76,0,1,1,4294967295,0,0
SpikeL,2368,832,F3F08241,0,1,1,4294967295,0,0
SpikeR,2336,720,D0A36322,0,1,1,4294967295,0,0
SpikeL,2368,720,E6C8B64B,0,1,1,4294967295,0,0
SpikeD,2304,735,ABB03838,0,1,1,4294967295,0,0
SpikeD,2272,735,95CFE6B9,0,1,1,4294967295,0,0
SpikeBR,2304,896,66C75CD4,0,1,1,4294967295,0,0
sprKiller,2336,288,69F255C7,0,1,-1,4294967295,0,0
sprKiller,2368,288,EAA8A3C9,0,1,-1,4294967295,0,0
sprKiller,2400,288,F3CE91F6,0,1,-1,4294967295,0,0
sprKiller,2432,288,4C8F8B88,0,1,-1,4294967295,0,0
SpikeD,2320,256,65C2E8B9,0,1,1,4294967295,0,0
SpikeD,2448,256,A4533896,0,1,1,4294967295,0,0
SpikeLT,2208,383,3CF94419,0,1,1,4294967295,0,0
SpikeTR,2177,383,1FF9527E,0,1,1,4294967295,0,0
SpikeBR,2177,352,45733B4A,0,1,1,4294967295,0,0
SpikeTR,2288,32,984B104E,0,1,1,4294967295,0,0
SpikeLT,2416,32,4FD1F59C,0,1,1,4294967295,0,0
MiniSpikeRight,2464,384,5C01074C,0,1,1,4294967295,0,0
MiniSpikeLeft,2528,384,9FC1E667,0,1,1,4294967295,0,0
SpikeR,2464,480,D1E34F40,0,2,2,4294967295,0,1
SpikeR,2544,576,CC0F2AD6,0,-2,2,4294967295,0,1
SpikeTall,2080,832,BAD43FF0,0,1,2,4294967295,0,0
SpikeTall,1856,544,81C5318A,0,1,4,4294967295,0,0
SpikeTall,2080,448,927198BB,0,1,7,4294967295,0,0
SpikeTall,1920,496,9373D633,0,1,4.5,4294967295,0,0
SpikeTall,1632,736,93D3F536,0,1,1,4294967295,0,0
SpikeTall,1792,896,2D1800D2,0,-1,3,4294967295,0,0
SpikeTall,2015,303,03EEBE10,0,-1,0.5,4294967295,0,0
SpikeTall,1983,272,27ED2DA9,0,1,0.5,4294967295,270,0
SpikeTall,2272,624,DF3C4999,0,1,3.5,4294967295,0,0
SpikeTall,2208,480,4B67CE8D,0,1,8,4294967295,0,0
SpikeTall,2400,1024,28E62F1C,0,0.5,4,4294967295,270,0
Warp,2448,1024,AF7E981F,0,1,1,4294967295,0,1
SpikeTall,2528,288,BEA7218F,0,1,2,4294967295,0,0
Autotiler,1264,304,E0095298,0,1,1,4294967295,0,1
SpikeLB,2016,352,E28D83BA,0,1,1,4294967295,0,1
Block,1472,0,1655EE7B,0,2,28,4294967295,0,0
Block,1536,1088,DE99B3B7,0,6,1,4294967295,0,0
Block,1568,1120,418B49A3,0,4,1,4294967295,0,0
Block,1504,896,73BAFA34,0,2,1,4294967295,0,0
Block,1392,992,A5DD9DCC,0,4,3,4294967295,0,0
Block,1632,704,D65091BB,0,10,1,4294967295,0,0
Block,1728,800,B417C4E9,0,1,6,4294967295,0,0
Block,1536,640,52429BD9,0,7,2,4294967295,0,0
Block,1760,832,638B4D9B,0,3,2,4294967295,0,0
Block,1536,928,0DDFA15C,0,1,2,4294967295,0,0
Block,2080,736,A758B8F1,0,1,3,4294967295,0,0
Block,2016,704,31889A81,0,3,1,4294967295,0,0
Block,1824,352,C3D55638,0,4,1,4294967295,0,0
Block,1792,512,0630C814,0,2,1,4294967295,0,0
Block,1728,384,1605CFA5,0,1,6,4294967295,0,0
Block,1824,480,42682812,0,1,1,4294967295,0,0
Block,1664,896,996A2D0C,0,2,3,4294967295,0,0
Block,1760,384,3CD8CF65,0,3,1,4294967295,0,0
Block,1536,0,F3D59D07,0,5,2,4294967295,0,0
Block,1696,0,C7D82F49,0,6,1,4294967295,0,0
Block,1472,896,645DCB52,0,1,0.5,4294967295,0,0
Block,2496,704,B38E445F,0,1,5.5,4294967295,0,0
Block,2304,704,1B9CFF6A,0,5,1,4294967295,0,0
Block,2240,928,5E813884,0,4,1,4294967295,0,0
Block,2336,848,F70C183C,0,1,2.5,4294967295,0,0
Block,2144,832,41A46196,0,3,8.5,4294967295,0,0
Block,2112,768,1D71271D,0,3,2,4294967295,0,0
Block,2144,736,5F4D46AB,0,3,1,4294967295,0,0
Block,2368,848,D9FD39DB,0,2,0.5,4294967295,0,0
Block,2496,880,B567B1AC,0,1,4.5,4294967295,0,0
Block,2400,928,235DB04A,0,1,3,4294967295,0,0
Block,2432,992,B7DF05B5,0,2,0.5,4294967295,0,0
Block,2240,1072,28E1C504,0,9,1,4294967295,0,0
Block,2400,672,F2CAB55E,0,4,1,4294967295,0,0
Block,2320,32,9CFA6159,0,3,5,4294967295,0,0
Block,2208,0,6BDC6236,0,13.5,1,4294967295,0,0
Block,2208,144,5F044293,0,1,7.5,4294967295,0,0
Block,2240,352,FC3DB920,0,7.5,1,4294967295,0,0
Block,2320,192,6E46764A,0,5,2,4294967295,0,0
Block,2528,192,98309FB8,0,1.5,3,4294967295,0,0
Block,2528,992,49FA34AD,0,4,1,4294967295,0,0
Block,2608,32,56CF7CBF,0,1,5,4294967295,0,0
Block,1856,-32,D237E5D6,0,1,1,4294967295,0,0
Block,1856,-64,592ACFB1,0,11,1,4294967295,0,0
Block,2208,-64,AA40A284,0,1,2,4294967295,0,0
Block,2528,352,3743566A,0,1.5,1,4294967295,0,0
Block,2432,384,81CB3ADC,0,1,7,4294967295,0,0
Block,2544,384,31C42E4E,0,1,10,4294967295,0,0
Block,2560,288,A79400EA,0,0.5,2,4294967295,0,0
Block,2576,192,C88D43B7,0,2,1,4294967295,0,0
Block,1408,0,619AF923,0,1,27,4294967295,0,0
Block,1376,832,9826998A,0,1,2,4294967295,0,0
Signpost,1792,800,A72EC94D,0,1,1,4294967295,0,1
Signpost,2016,672,99A9E588,0,1,1,4294967295,0,1
IceField,1888,752,F79C4C92,0,5,4,4294967295,0,0
Platform,1952,704,217FC104,0,1,1,4294967295,0,0
Platform,1984,704,9773371E,0,1,1,4294967295,0,0
IceField,1968,416,1117C5A1,0,3,7,4294967295,0,0
SavePointHard,1792,608,064C87FA,0,1,1,4294967295,0,0
SquareRefresher,1968,880,6811603B,0,1,1,4294962944,0,0
Platform,1856,480,36C3E37C,0,3,1,4294967295,0,0
Platform,1568,752,16AA6F42,0,2,1,4294967295,0,0
TextDraw,1984,928,F3EDE0B1,0,1,1,4294967295,0,1
IceField,1536,160,F1468A7B,0,6,13,4294967295,0,0
Platform,1792,640,0843C748,0,1,1,4294967295,0,0
Platform,1536,144,573794D6,0,6,1,4294967295,0,0
IceField,1760,64,BF16AD58,0,14,2,4294967295,0,0
SquareRefresher,1984,80,CBCFC5A3,0,1,1,4294967295,0,0
IceField,2240,736,B1868746,0,3,4,4294967295,0,0
IceField,2400,736,DFF074F7,0,3,8,4294967295,0,0
SquareRefresher,2464,784,45693459,0,1,1,4294967295,0,1
SavePointStandHard,2208,800,11B3BD37,0,1,1,4294967295,0,0
Platform,2240,960,8C09666F,0,4,2,4294967295,0,0
CheryStop,2384,928,B0DBE5A8,0,1,1,4294967295,0,0
Cherry,2352,1024,2042B210,0,1,1,4294967295,0,0
Cherry,2288,1024,EE24ADA3,0,1,1,4294967295,0,1
Cherry,2320,1024,C13323E9,0,1,1,4294967295,0,1
Platform,2448,1056,31535D90,0,1,1,4294967295,0,0
TriggerInstance,2329,960,F060AECC,0,0.5,2,4294967295,0,1
TriggerInstance,2233,1008,90D1CFDD,0,1.21875,1,4294967295,0,1
SwitchAny,2240,320,6C12DD6C,0,1,1,4294967295,0,1
IceField,2336,288,5393C28A,0,6,2,4294967295,0,0
IceField,2480,192,2B4A6EB6,0,1.5,3,4294967295,0,0
Platform,2288,240,3C56759B,0,1,1,4294967295,0,0
SavePointHard,2288,208,9CD7D180,0,1,1,4294967295,0,0
GuySpikeWall,2472,160,B38C32DD,0,1,1,4294967295,0,1
IceField,2480,384,4DDA87BB,0,1.5,8,4294967295,0,0
SwitchAny,2542,432,BF015146,0,-1,1,4294967295,0,1
Piston,2504,40,29F7319B,0,1,1,4294967295,0,1
SwitchAny,2464,544,14F63FEA,0,1,1,4294967295,0,1
MusicPlayer,1312,256,FE83C267,0,1,1,4294967295,0,1
CameraOverride,1296,416,61A97818,0,1,1,4294967295,0,1
CameraFull,1328,448,3B668575,0,1,1,4294967295,0,1
ParallaxBackgroundLayer,1216,384,C1D54B32,0,1,1,4294967295,0,1
AlignIndicator,2464,704,BBBEAF7F,0,1,1,4294967295,0,0
PlayerStart,1440,960,95D56F47,0,1,1,4294967295,0,0
Water3,2376,872,3A743B2A,0,0.5,3.25,4294967295,0,0
