DropShadow,1024,416,3B1A3C29,0,1,1,4294967295,0,0
SpikeU,1056,128,6CE7F1A2,0,1,1,4294967295,0,0
SpikeD,1056,192,83E2DAFA,0,1,1,4294967295,0,0
SpikeD,224,672,932AB496,0,1,1,4294967295,0,0
SpikeD,256,672,A93F9E18,0,1,1,4294967295,0,0
SpikeD,352,672,459695FD,0,1,1,4294967295,0,0
SpikeD,384,672,DEC2051A,0,1,1,4294967295,0,0
SpikeD,480,672,0D16C7AE,0,1,1,4294967295,0,0
SpikeD,512,672,BFD473B5,0,1,1,4294967295,0,0
SpikeD,608,672,4542F3F6,0,1,1,4294967295,0,0
SpikeD,640,672,EB3C6825,0,1,1,4294967295,0,0
Autotiler,1024,416,CC0BADD2,0,1,1,4294967295,0,1
Block,992,512,35C624A6,0,3,2,4294967295,0,0
Block,1216,416,CFE53BBB,0,13,9,4294967295,0,0
Block,1216,224,03B4899E,0,13,1,4294967295,0,0
Block,1216,32,763603AA,0,13,3,4294967295,0,0
Block,1280,0,687F419F,0,11,1,4294967295,0,0
Block,1248,256,62D8A6AE,0,12,2,4294967295,0,0
Block,768,160,9530D2CD,0,5,17,4294967295,0,0
Block,1056,160,22094A43,0,1,1,4294967295,0,0
Block,768,800,9E6F611D,0,5,4,4294967295,0,0
Block,0,672,992FDE0E,0,3,5,4294967295,0,0
Block,0,544,D8552A76,0,24,4,4294967295,0,0
Block,0,832,85C14871,0,2,7,4294967295,0,0
Block,160,832,F11B840E,0,2,4,4294967295,0,0
Block,224,928,50BDE866,0,2,1,4294967295,0,0
Block,288,832,771261C9,0,2,4,4294967295,0,0
Block,352,928,237009E7,0,2,1,4294967295,0,0
Block,416,832,C86B8E98,0,2,4,4294967295,0,0
Block,480,928,C0928FBD,0,2,1,4294967295,0,0
Block,544,832,FED22F4C,0,2,4,4294967295,0,0
Block,608,928,99588F2C,0,2,1,4294967295,0,0
Block,672,832,66C74FBC,0,2,4,4294967295,0,0
Block,672,960,44B5523D,0,5,1,4294967295,0,0
Block,416,960,68FF7C13,0,2,8,4294967295,0,0
Block,0,1056,53ADE764,0,5,5,4294967295,0,0
Block,160,1184,1B7EA71B,0,8,1,4294967295,0,0
TextDraw,800,0,7895D3AB,0,1,1,4294901814,0,1
SavePointHard,1056,480,B92BDEEF,0,1,1,4294967295,0,0
MusicPlayer,992,416,ED47D96F,0,1,1,4294967295,0,0
ParallaxBackgroundLayer,1056,416,219514DB,0,1,1,4294967295,0,1
GuyTrap,1274,320,212B2AA6,0,-1,1,4294967295,0,0
ShootBlock,224,832,B68D4017,0,1,1,4294967295,0,0
ShootBlock,256,832,6587CEDD,0,1,1,4294967295,0,0
ShootBlock,352,832,266D950F,0,1,1,4294967295,0,0
ShootBlock,384,832,33F86BE1,0,1,1,4294967295,0,0
ShootBlock,480,832,A21297DD,0,1,1,4294967295,0,0
ShootBlock,512,832,5F5BCEA0,0,1,1,4294967295,0,0
ShootBlock,608,832,26780EAB,0,1,1,4294967295,0,0
ShootBlock,640,832,6D8C3AA3,0,1,1,4294967295,0,0
AshGive,624,896,32F72980,0,1,1,4294967295,0,0
PlayerStart,992,480,FED4E634,0,1,1,4294967295,0,0
