SpikeU,-128,448,7C696B8A,0,1,1,4294967295,0,0
MiniSpikeUp,-128,432,91F10E8A,0,1,1,4294967295,0,0
Autotiler,64,32,E883BB22,0,1,1,4294967295,0,1
Block,0,32,003F7A19,0,1,17,4294967295,0,0
Block,0,576,001A25E1,0,25,1,4294967295,0,0
Block,768,32,00401B8D,0,1,17,4294967295,0,0
Block,0,0,00256BF1,0,25,1,4294967295,0,0
MusicPlayer,32,32,003C2ED2,0,1,1,4294967295,0,1
SavePointMedium,128,544,168ED2C1,0,1,1,4294967295,0,0
Cherry,-80,464,19FF70DC,0,1,1,4294967295,0,0
BulletBlock,-160,416,45D5B31A,0,1,1,4294967295,0,0
PlayerStart,64,544,96BD2CE7,0,1,1,4294967295,0,0
