Moon,448,48,D89C7637,0,1,1,4294967295,0,0
SpikeD,175,383,BA8E30F3,0,1,1,4294967295,0,0
SpikeD,400,400,8BEFC7E7,0,1,1,4294967295,0,0
SpikeLB,175,352,81971C88,0,1,1,4294967295,0,0
SpikeLT,159,288,56E67E69,0,1,1,4294967295,0,0
SpikeBR,128,288,56AE5B3E,0,1,1,4294967295,0,0
SpikeTR,144,352,EF049AE8,0,1,1,4294967295,0,0
SpikeLT,288,448,DA3651BC,0,1,1,4294967295,0,0
SpikeTR,192,448,77DCA024,0,1,1,4294967295,0,0
SpikeBR,192,384,9FC7D23E,0,1,1,4294967295,0,0
SpikeLB,288,352,3B35617B,0,1,1,4294967295,0,0
SpikeL,272,480,4B6A7903,0,1,1,4294967295,0,0
SpikeR,304,480,5B378C7C,0,1,1,4294967295,0,0
SpikeR,208,480,FF14701E,0,1,1,4294967295,0,0
SpikeL,176,480,1C723E0C,0,1,1,4294967295,0,0
SpikeTR,368,208,0FBECAA0,0,1,1,4294967295,0,0
SpikeBR,159,257,6D15C266,0,1,1,4294967295,0,0
SpikeR,190,257,E098CCCA,0,1,1,4294967295,0,0
SpikeU,688,145,597FB593,0,1,1,4294967295,0,0
SpikeD,544,127,37D4FFC7,0,1,1,4294967295,0,0
SpikeD,832,127,FFF2EAC9,0,1,1,4294967295,0,0
SpikeBR,657,176,E716B441,0,1,1,4294967295,0,0
SpikeLB,719,176,CE09AAC3,0,1,1,4294967295,0,0
SpikeTR,657,207,532A1C33,0,1,1,4294967295,0,0
SpikeLT,719,207,B8410021,0,1,1,4294967295,0,0
SpikeU,400,338,19C3FC49,0,1,1,4294967295,0,0
SpikeD,800,305,8BC1CE30,0,1,-1,4294967295,0,0
SpikeD,1088,305,70CF0999,0,1,-1,4294967295,0,0
SpikeTR,1088,368,1DFFB511,0,1,1,4294967295,0,0
SpikeLB,1120,368,705A7B37,0,1,1,4294967295,0,0
SpikeTR,1120,448,2D240EDE,0,1,1,4294967295,0,0
sprKiller,1152,448,4775C15F,0,1,1,4294967295,0,0
sprKiller,1184,448,B41B8FFC,0,1,1,4294967295,0,0
SpikeLT,1216,448,B7AADFAA,0,1,1,4294967295,0,0
SpikeU,1216,336,EAE6EE87,0,1,1,4294967295,0,0
SpikeTR,768,336,4F6811C0,0,1,1,4294967295,0,0
SpikeLB,768,304,90442D59,0,1,1,4294967295,0,0
SpikeBR,736,304,7FC53A93,0,1,1,4294967295,0,0
SpikeLT,736,336,3D22648C,0,1,1,4294967295,0,0
SpikeBR,704,336,1A2DC275,0,1,1,4294967295,0,0
SpikeD,1520,336,5F8CDA5E,0,1,1,4294967295,0,0
SpikeLB,1552,240,F451DE8B,0,1,1,4294967295,0,0
SpikeLT,1552,304,510CF053,0,1,1,4294967295,0,0
sprKiller,1520,112,5F5853F1,0,1,1,4294967295,0,0
sprKiller,1552,112,4FC2A10D,0,1,1,4294967295,0,0
sprKiller,1584,112,4CBF1317,0,1,1,4294967295,0,0
SpikeTR,1488,112,3C273823,0,1,1,4294967295,0,0
SpikeLT,1616,143,D6EB7462,0,1,1,4294967295,0,0
SpikeR,1647,112,3F761188,0,1,1,4294967295,0,0
SpikeLB,1616,81,79ACD6D6,0,1,1,4294967295,0,0
SpikeD,960,256,566A615D,0,1,1,4294967295,0,0
SpikeBR,1057,304,F6588414,0,1,1,4294967295,0,0
MiniSpikeUp,1104,224,08D1A1FB,0,1,1,4294967295,0,0
SpikeLT,1120,240,CA6B7ECA,0,1,1,4294967295,0,0
SpikeU,1120,208,74D6E20A,0,1,1,4294967295,0,0
SpikeD,1216,208,06417901,0,1,1,4294967295,0,0
SpikeTR,128,319,B68BBB7A,0,1,1,4294967295,0,0
SpikeU,144,320,6156ADB7,0,1,1,4294967295,0,0
SpikeD,2080,272,03201968,0,1,1,4294967295,0,0
SpikeU,2080,241,6E8F23A8,0,1,1,4294967295,0,0
SpikeLB,1888,385,DB299BEC,0,1,1,4294967295,0,0
SpikeTR,1888,479,5206900A,0,1,1,4294967295,0,0
sprKiller,1920,480,5D601F96,0,1,1,4294967295,0,0
sprKiller,2048,480,6534A15D,0,1,1,4294967295,0,0
SpikeLT,2080,479,B6BC2729,0,1,1,4294967295,0,0
SpikeBR,2080,385,76448860,0,1,1,4294967295,0,0
sprKiller,1760,384,50367A98,0,1,1,4294967295,0,0
sprKiller,1792,384,D918744E,0,1,1,4294967295,0,0
sprKiller,1824,384,56EA4249,0,1,1,4294967295,0,0
sprKiller,1856,384,D75A9E01,0,1,1,4294967295,0,0
sprKiller,2112,384,EACDF26F,0,1,1,4294967295,0,0
sprKiller,2144,384,A513AF46,0,1,1,4294967295,0,0
sprKiller,2176,384,559E33CD,0,1,1,4294967295,0,0
sprKiller,2208,384,FC3FB09D,0,1,1,4294967295,0,0
sprKiller,2240,384,623B36A2,0,1,1,4294967295,0,0
sprKiller,2272,384,97C5AD56,0,1,1,4294967295,0,0
sprKiller,2304,384,759E8FB2,0,1,1,4294967295,0,0
sprKiller,2336,384,E20EE23F,0,1,1,4294967295,0,0
sprKiller,2368,384,C6008AAA,0,1,1,4294967295,0,0
SpikeTR,2048,288,B2E0303C,0,1,1,3372220415,0,0
SpikeLB,2048,256,C7968250,0,1,1,4294967295,0,0
SpikeLB,2080,288,4F1C313D,0,1,1,3372220415,0,0
SpikeBR,2080,288,09CF03DC,0,1,1,3372220415,0,0
SpikeLT,2112,288,0C5FCAB6,0,1,1,3372220415,0,0
SpikeBR,2112,256,09BF9F07,0,1,1,4294967295,0,0
SpikeD,2080,320,A11D82F0,0,1,1,4294967295,0,0
SpikeL,2016,256,2B5B672A,0,1,1,4294967295,0,0
SpikeR,2144,256,BD08C8CC,0,1,1,4294967295,0,0
SpikeR,1920,416,C023B173,0,1,1,4294967295,0,0
SpikeL,2048,416,5F902844,0,1,1,4294967295,0,0
SpikeBR,2336,256,065C75B9,0,1,1,4294967295,0,0
SpikeTR,2336,320,0DCE2814,0,1,1,4294967295,0,0
sprKiller,2368,288,106D5868,0,1,1,4294967295,0,0
sprKiller,1888,240,6A101CFF,0,1,1,4294967295,0,0
SpikeR,1920,240,40499B6F,0,1,1,4294967295,0,0
SpikeU,1920,273,6BE41D9A,0,1,1,4294967295,0,0
SpikeD,1920,383,767C4549,0,1,1,4294967295,0,0
SpikeU,2048,321,E793319A,0,1,1,4294967295,0,0
SpikeD,2048,383,65A86B3A,0,1,1,4294967295,0,0
SpikeD,1920,511,4ACF132B,0,1,1,4294967295,0,0
SpikeD,2048,511,39770ADC,0,1,1,4294967295,0,0
SpikeR,1952,480,6734639C,0,1,1,4294967295,0,0
SpikeL,2016,480,B313C1D8,0,1,1,4294967295,0,0
SpikeU,1520,208,2AF4FB0D,0,1,1,4294967295,0,0
SpikeTall,288,384,4572C37B,0,1,2,4294967295,0,0
SpikeTall,192,416,88E077AF,0,1,1,4294967295,0,0
SpikeTall,688,176,CF64208A,0,1,2.5,4294967295,0,0
SpikeTall,544,96,655B91D5,0,1,1,4294967295,0,0
SpikeTall,832,96,AF510A8C,0,1,1,4294967295,0,0
SpikeTall,400,369,C12B884A,0,1,1,4294967295,0,0
SpikeTall,800,304,EB652DB9,0,1,1,4294967295,0,0
SpikeTall,1088,304,AF3B208C,0,1,1,4294967295,0,0
SpikeTall,1120,400,C31A273A,0,1,1.5,4294967295,0,0
SpikeTall,1216,368,A24C7299,0,1,2.5,4294967295,0,0
SpikeTall,960,0,B2F7A266,0,1,8,4294967295,0,0
SpikeTall,1552,272,C971E98A,0,1,1,4294967295,0,0
SpikeTall,1488,0,D89D1EA7,0,1,3.5,4294967295,0,0
SpikeTall,1216,0,CE266738,0,1,6.5,4294967295,0,0
SpikeTall,1888,416,ED4135FE,0,1,2,4294967295,0,0
SpikeTall,2080,416,2E906C48,0,1,2,4294967295,0,0
SpikeTall,1920,304,9D600E0E,0,1,2.5,4294967295,0,0
SpikeTall,2048,352,6EDCF38E,0,1,1,4294967295,0,0
Autotiler,176,32,D3DC99C8,0,1,1,4294967295,0,1
SectionWarp,368,576,4F3A66B8,0,10,2,4294967295,0,1
Block,304,576,140C3021,0,2,1,4294967295,0,0
Block,400,176,2EAA9914,0,1,4.5,4294967295,0,0
Block,352,176,6A53C807,0,1.5,1,4294967295,0,0
Block,432,224,2B3E40B6,0,3,1,4294967295,0,0
Block,544,64,2935A856,0,10,1,4294967295,0,0
Block,864,96,E314D87F,0,3,1,4294967295,0,0
Block,688,256,30896B59,0,1,4,4294967295,0,0
Block,800,336,A63B39C4,0,10.5,1,4294967295,0,0
Block,1104,240,4E6B0248,0,1,3,4294967295,0,0
Block,1520,240,C16BF0AF,0,1,1,4294967295,0,0
Block,1520,304,00418FF8,0,1,1,4294967295,0,0
Block,1680,224,6C9A038F,0,2.5,9.5,4294967295,0,0
Block,1680,0,5B2AC363,0,2.5,3.5,4294967295,0,0
Block,1760,240,9572EC99,0,4,1,4294967295,0,0
Block,1760,272,BE2274C8,0,2.5,2.5,4294967295,0,0
Block,1760,32,EE786917,0,4,1.5,4294967295,0,0
Block,0,576,787FC82A,0,7,1,4294967295,0,0
Block,-32,0,32048420,0,1,19,4294967295,0,0
Block,1616,112,A4F09CE2,0,1,1,4294967295,0,0
ConveyerStick,1888,48,28EBF5F3,0,1,1,4294967295,0,0
ConveyerStick,1920,48,528E7939,0,1,1,4294967295,0,0
ConveyerStick,1952,48,B54390B0,0,1,1,4294967295,0,0
ConveyerStick,1984,48,22F79582,0,1,1,4294967295,0,0
ConveyerStick,2016,48,DC3B9AFB,0,1,1,4294967295,0,0
ConveyerStick,2048,48,61D3FE4A,0,1,1,4294967295,0,0
ConveyerStick,2080,48,4352D700,0,1,1,4294967295,0,0
ConveyerStick,2112,48,AFBD2C3F,0,1,1,4294967295,0,0
ConveyerStick,2144,48,944B571C,0,1,1,4294967295,0,0
ConveyerStick,2176,48,F5592F29,0,1,1,4294967295,0,0
ConveyerStick,2208,48,ADD7FD7C,0,1,1,4294967295,0,0
Block,1824,128,7B38FCF1,0,3,3,4294967295,0,0
Block,2336,288,AD22D9DD,0,1,1,4294967295,0,0
Block,1696,592,CD731104,0,1.5,2.5,4294967295,0,0
Block,1616,256,4F127548,0,2,1.5,4294967295,0,0
Block,1936,576,A534362E,0,4,1,4294967295,0,0
Block,1520,560,36BE3441,0,1,2.5,4294967295,0,0
Block,1312,576,A7D3325B,0,1,2.5,4294967295,0,0
Block,1152,544,E80E4611,0,1,2.5,4294967295,0,0
Block,1040,560,E07DE140,0,1,2,4294967295,0,0
Block,944,528,ED3FFA73,0,1,3,4294967295,0,0
Block,864,576,38C6F854,0,1,2,4294967295,0,0
Block,784,592,1C038E9D,0,1,1,4294967295,0,0
Block,688,384,AC17995B,0,10,1,4294967295,0,0
Block,1008,368,71DAE87E,0,1,1.5,4294967295,0,0
Block,688,576,39AFEC5C,0,3,2,4294967295,0,0
Block,2400,0,AEB04C6E,0,1,19,4294967295,0,0
Signpost,464,192,8B825C75,0,1,1,4294967295,0,1
Signpost,240,-48,C169E69A,0,1,1,4294967295,0,1
Signpost,288,-48,37E1921C,0,1,1,4294967295,0,1
Signpost,16,544,3FB017C5,0,1,1,4294967295,0,1
MusicPlayer,144,32,668E1F14,0,1,1,4294967295,0,1
CameraFull,208,32,F1FC48A6,0,1,1,4294967295,0,1
ParallaxBackgroundLayer,240,32,F898E754,0,1,1,4294967295,0,1
ParallaxBackgroundLayer,272,32,29FC8C80,0,1,1,4294967295,0,1
ParallaxBackgroundLayer,304,32,4ECC4896,0,1,1,4294967295,0,1
ParallaxBackgroundLayer,336,32,1F9241C6,0,1,1,4294967295,0,1
SavePointHard,304,544,0F010CB8,0,1,1,4294967295,0,0
IceField,224,256,363A7927,0,2,7,4294967295,0,0
Pauser,192,320,F1833F6C,0,1,1,4294967295,0,1
TrapRedirect,144,320,EF89346C,0,1,1,4294967295,0,0
IceField,560,96,4E21BB05,0,9,3,4294967295,0,0
CherryGray,416,336,224CD47E,0,1,1,4294967295,0,0
TrapDestroy,432,320,D959AF1B,0,1,1,4294967295,0,0
IceField,816,240,5C5BDBA7,0,9,3,4294967295,0,0
IceField,1152,224,178D0280,0,2,7,4294967295,0,0
Pauser,1232,272,6C578639,0,1,1,4294967295,0,1
TrapDestroy,1536,272,B911BA57,0,1,1,4294967295,0,0
CherryGray,1536,288,1A862635,0,1,1,4294967295,0,0
SavePointHard,1760,208,71DEA081,0,1,1,4294967295,0,0
SavePointHard,384,144,483FFB7C,0,1,1,4294967295,0,0
Pauser,1872,288,E48D3C21,0,1,1,4294967295,0,1
IceField,1952,256,C5095ABC,0,3,5,4294967295,0,0
PushBlock,1920,16,C78E3F7B,0,1,1,4294967295,0,0
PushBlock,2032,16,E6B370AC,0,1,1,4294967295,0,0
SwitchAny,2335,320,EC4C05C2,0,1,1,4294901765,180,1
Cherry,2000,496,894985F0,0,1,1,4294967295,0,1
Item7,1984,528,43804717,0,1,1,4294967295,0,0
SavePointStandHard,1984,544,338869D4,0,1,1,4294967295,0,0
GateLeft,1712,528,7A84A550,0,1,1,4278190080,0,0
GateLeft,1712,560,3B7A62A1,0,1,1,4278190080,0,0
PlayerStart,336,544,C57F861A,0,1,1,4294967295,0,0
Water1,368,576,64E6D684,0,10,1,1686537862,0,0
CatharsisWater,1952,80,1B9D898E,0,3,5.5,4294967295,0,0
