tile_rorgrass,0,480,96,96,32,32,0,1,1,4294967295
tile_IWBTG,128,256,0,96,32,32,0,1,1,4294967295
tile_IWBTG,160,256,0,96,32,32,0,1,1,4294967295
tile_IWBTG,96,256,0,96,32,32,0,1,1,4294967295
tile_IWBTG,192,320,32,96,32,32,0,1,1,4294967295
tile_IWBTG,192,384,32,96,32,32,0,1,1,4294967295
tile_IWBTG,192,416,32,96,32,32,0,1,1,4294967295
tile_IWBTG,192,352,32,96,32,32,0,1,1,4294967295
tile_rorgrass,160,224,224,320,32,32,0,1,1,4294967295
tile_rorgrass,192,224,256,320,32,32,0,1,1,4294967295
tile_rorgrass,192,192,256,288,32,32,0,1,1,4294967295
tile_rorgrass,0,320,96,64,32,32,0,1,1,4294967295
tile_IWBTG,192,448,32,96,32,32,0,1,1,4294967295
tile_rorgrass,0,0,64,96,32,32,0,2,2,4294967295
tile_rorgrass,32,64,64,96,32,32,0,1,1,4294967295
tile_rorgrass,352,0,64,96,32,32,0,1,3,4294967295
tile_IWBTG,128,160,32,256,32,32,0,1,3,2525859213
tile_IWBTG,0,160,0,96,32,32,0,1,1,4294967295
tile_rorgrass,320,448,640,192,32,32,0,1,1,4294967295
tile_rorgrass,320,480,640,256,32,32,0,1,1,4294967295
tile_ror,224,160,672,544,64,64,0,1,1,4294967295
tile_ror,288,160,672,544,64,64,0,1,1,4294967295
tile_ror,224,224,672,544,64,64,0,1,1,4294967295
tile_ror,224,288,672,544,64,64,0,1,1,4294967295
tile_ror,288,288,672,544,64,64,0,1,1,4294967295
tile_ror,288,224,672,544,64,64,0,1,1,4294967295
tile_ror,224,352,672,544,64,64,0,1,1,4294967295
tile_ror,288,352,672,544,64,64,0,1,1,4294967295
tile_ror,288,416,672,544,32,32,0,1,1,4294967295
tile_ror,256,416,704,544,32,32,0,1,1,4294967295
tile_ror,224,416,672,544,32,32,0,1,1,4294967295
tile_ror,608,224,384,736,32,32,0,1,1,2531714790
tile_ror,608,256,512,800,32,32,0,1,1,2531714790
tile_ror,608,96,512,864,32,32,0,1,1,2531714790
tile_ror,608,128,512,864,32,32,0,1,1,2531714790
tile_ror,608,64,512,800,32,32,0,1,1,2531714790
tile_ror,608,32,512,800,32,32,0,1,1,2531714790
tile_ror,608,0,512,800,32,32,0,1,1,2531714790
tile_ror,608,288,512,800,32,32,0,1,7,2531714790
tile_IWBTG,640,512,32,96,32,32,0,1,1,4294967295
tile_rorforest,672,512,32,352,32,32,0,1,1,4294967295
tile_rorforest,704,512,32,352,32,32,0,1,1,4294967295
tile_rorforest,672,480,32,352,32,32,0,1,1,4294967295
tile_rorforest,704,480,32,352,32,32,0,1,1,4294967295
tile_rorforest,736,480,32,352,32,32,0,1,1,4294967295
tile_rorforest,704,448,32,352,32,32,0,1,1,4294967295
tile_rorforest,736,448,32,352,32,32,0,1,1,4294967295
tile_rorforest,736,416,32,352,32,32,0,1,1,4294967295
tile_rorforest,736,384,32,352,32,32,0,1,1,4294967295
tile_rorforest,704,384,32,352,32,32,0,1,1,4294967295
tile_rorforest,704,416,32,352,32,32,0,1,1,4294967295
tile_rorforest,736,352,32,352,32,32,0,1,1,4294967295
tile_rorforest,704,352,32,352,32,32,0,1,1,4294967295
tile_rorforest,672,352,32,352,32,32,0,1,1,4294967295
tile_rorforest,672,320,32,352,32,32,0,1,1,4294967295
tile_rorforest,704,320,32,352,32,32,0,1,1,4294967295
tile_rorforest,672,288,32,352,32,32,0,1,1,4294967295
tile_rorforest,704,288,32,352,32,32,0,1,1,4294967295
tile_rorforest,672,256,32,352,32,32,0,1,1,4294967295
tile_rorforest,672,224,32,352,32,32,0,1,1,4294967295
tile_rorforest,704,224,32,352,32,32,0,1,1,4294967295
tile_rorforest,704,192,32,352,32,32,0,1,1,4294967295
tile_rorforest,672,192,32,352,32,32,0,1,1,4294967295
tile_rorforest,736,192,32,352,32,32,0,1,1,4294967295
tile_rorforest,736,160,32,352,32,32,0,1,1,4294967295
tile_rorforest,704,160,32,352,32,32,0,1,1,4294967295
tile_rorforest,736,128,32,352,32,32,0,1,1,4294967295
tile_rorforest,736,96,32,352,32,32,0,1,1,4294967295
tile_rorforest,704,96,32,352,32,32,0,1,1,4294967295
tile_rorforest,736,0,32,352,32,32,0,1,1,4294967295
tile_rorforest,704,0,32,352,32,32,0,1,1,4294967295
tile_rorforest,672,0,32,352,32,32,0,1,1,4294967295
tile_rorforest,672,32,32,352,32,32,0,1,1,4294967295
tile_rorforest,704,32,32,352,32,32,0,1,1,4294967295
tile_rorforest,704,64,32,352,32,32,0,1,1,4294967295
tile_rorforest,736,64,32,352,32,32,0,1,1,4294967295
tile_rorforest,672,64,32,352,32,32,0,1,1,4294967295
tile_rorforest,640,544,0,384,32,32,0,1,1,4294967295
tile_rorforest,672,544,32,384,32,32,0,1,1,4294967295
tile_rorforest,704,544,64,384,32,32,0,1,1,4294967295
tile_rorforest,768,0,64,352,32,32,0,1,1,4294967295
tile_rorforest,768,32,64,352,32,32,0,1,1,4294967295
tile_rorforest,768,64,64,352,32,32,0,1,1,4294967295
tile_rorgrass,960,32,128,192,32,32,0,1,1,2533359615
tile_rorgrass,960,64,128,192,32,32,0,1,1,2533359615
tile_rorgrass,960,96,128,192,32,32,0,1,1,2533359615
tile_rorgrass,992,32,128,192,32,32,0,1,1,2533359615
tile_rorgrass,992,64,128,192,32,32,0,1,1,2533359615
tile_rorgrass,992,96,128,192,32,32,0,1,1,2533359615
tile_rorgrass,1024,32,128,192,32,32,0,1,1,2533359615
tile_rorgrass,1024,64,128,192,32,32,0,1,1,2533359615
tile_rorgrass,1024,96,128,192,32,32,0,1,1,2533359615
tile_rorgrass,1088,32,128,192,32,32,0,1,1,2533359615
tile_rorgrass,1088,64,128,192,32,32,0,1,1,2533359615
tile_rorgrass,1088,96,128,192,32,32,0,1,1,2533359615
tile_rorgrass,1152,32,128,192,32,32,0,1,1,2533359615
tile_rorgrass,1152,64,128,192,32,32,0,1,1,2533359615
tile_rorgrass,1152,96,128,192,32,32,0,1,1,2533359615
tile_rorgrass,1216,32,128,192,32,32,0,1,1,2533359615
tile_rorgrass,1216,64,128,192,32,32,0,1,1,2533359615
tile_rorgrass,1216,96,128,192,32,32,0,1,1,2533359615
tile_rorgrass,1280,32,128,192,32,32,0,1,1,2533359615
tile_rorgrass,1280,64,128,192,32,32,0,1,1,2533359615
tile_rorgrass,1280,96,128,192,32,32,0,1,1,2533359615
tile_rorgrass,1344,32,128,192,32,32,0,1,1,2533359615
tile_rorgrass,1344,64,128,192,32,32,0,1,1,2533359615
tile_rorgrass,1344,96,128,192,32,32,0,1,1,2533359615
tile_rorgrass,1408,32,128,192,32,32,0,1,1,2533359615
tile_rorgrass,1408,64,128,192,32,32,0,1,1,2533359615
tile_rorgrass,1408,96,128,192,32,32,0,1,1,2533359615
tile_rorgrass,1568,0,0,224,32,32,0,1,1,4294967295
tile_IWBTG,1568,48,32,96,32,32,0,1,1,4285427310
tile_ror,1472,322,1728,192,32,32,0,1,1,4294967295
tile_ror,1440,322,1728,192,32,32,0,1,1,4294967295
tile_ror,1408,322,1728,192,32,32,0,1,1,4294967295
tile_ror,1376,322,1728,192,32,32,0,1,1,4294967295
tile_ror,1344,322,1728,192,32,32,0,1,1,4294967295
tile_ror,1312,322,1728,192,32,32,0,1,1,4294967295
tile_ror,1280,322,1728,192,32,32,0,1,1,4294967295
tile_ror,1248,322,1728,192,32,32,0,1,1,4294967295
tile_ror,1216,322,1728,192,32,32,0,1,1,4294967295
tile_ror,1184,322,1728,192,32,32,0,1,1,4294967295
tile_ror,1152,322,1728,192,32,32,0,1,1,4294967295
tile_ror,1120,322,1728,192,32,32,0,1,1,4294967295
tile_ror,1088,322,1728,192,32,32,0,1,1,4294967295
tile_ror,1056,322,1728,192,32,32,0,1,1,4294967295
tile_ror,1024,322,1728,192,32,32,0,1,1,4294967295
tile_ror,992,322,1728,192,32,32,0,1,1,4294967295
tile_ror,960,322,1728,192,32,32,0,1,1,4294967295
tile_ror,928,322,1728,192,32,32,0,1,1,4294967295
tile_ror,384,544,1088,192,32,32,0,1,1,4294967295
tile_ror,1264,160,416,32,32,32,0,1,1,4294967295
tile_ror,1264,192,416,64,32,32,0,1,1,4294967295
tile_ror,1264,224,416,64,32,32,0,1,1,4294967295
tile_ror,1264,256,416,64,32,32,0,1,1,4294967295
tile_ror,1264,288,416,64,32,32,0,1,1,4294967295
tile_IWBTG,448,480,32,64,32,32,0,1,2,4294967295
tile_IWBTG,448,576,32,96,32,32,0,1,1,4294967295
tile_IWBTG,448,368,32,96,32,32,0,1,1,4294967295
tile_IWBTG,448,288,32,96,32,32,0,1,1,4294967295
tile_IWBTG,448,336,32,96,32,32,0,1,1,4294967295
tile_IWBTG,448,400,32,96,32,32,0,1,1,4294967295
tile_IWBTG,576,480,32,96,32,32,0,1,1,4294967295
tile_IWBTG,544,64,32,96,32,32,0,1,1,4294967295
tile_rorgrass,1408,464,96,224,32,32,0,1,1,4290822336
tile_rorforest,896,384,32,352,32,32,0,1,1,4290822336
tile_rorforest,928,384,32,352,32,32,0,1,1,4290822336
tile_rorforest,928,416,32,352,32,32,0,1,1,4290822336
tile_rorforest,992,416,32,352,32,32,0,1,1,4290822336
tile_rorforest,992,384,32,352,32,32,0,1,1,4290822336
tile_rorforest,960,384,32,352,32,32,0,1,1,4290822336
tile_rorforest,1024,384,32,352,32,32,0,1,1,4290822336
tile_rorforest,1024,416,32,352,32,32,0,1,1,4290822336
tile_rorforest,1056,416,32,352,32,32,0,1,1,4290822336
tile_rorforest,1088,416,32,352,32,32,0,1,1,4290822336
tile_rorforest,1120,416,32,352,32,32,0,1,1,4290822336
tile_rorforest,1152,416,32,352,32,32,0,1,1,4290822336
tile_rorforest,1184,416,32,352,32,32,0,1,1,4290822336
tile_rorforest,1184,384,32,352,32,32,0,1,1,4290822336
tile_rorforest,1152,384,32,352,32,32,0,1,1,4290822336
tile_rorforest,1088,384,32,352,32,32,0,1,1,4290822336
tile_rorforest,1216,416,32,352,32,32,0,1,1,4290822336
tile_rorforest,1248,416,32,352,32,32,0,1,1,4290822336
tile_rorforest,1216,384,32,352,32,32,0,1,1,4290822336
tile_rorforest,1248,384,32,352,32,32,0,1,1,4290822336
tile_rorforest,1280,384,32,352,32,32,0,1,1,4290822336
tile_rorforest,1280,416,32,352,32,32,0,1,1,4290822336
tile_rorforest,1312,416,32,352,32,32,0,1,1,4290822336
tile_rorforest,1312,384,32,352,32,32,0,1,1,4290822336
tile_rorforest,1376,384,32,352,32,32,0,1,1,4290822336
tile_rorforest,1408,384,32,352,32,32,0,1,1,4290822336
tile_rorforest,1408,416,32,352,32,32,0,1,1,4290822336
tile_rorforest,1440,416,32,352,32,32,0,1,1,4290822336
tile_rorforest,1440,384,32,352,32,32,0,1,1,4290822336
tile_rorforest,1472,384,32,352,32,32,0,1,1,4290822336
tile_rorforest,1472,416,32,352,32,32,0,1,1,4290822336
tile_rorforest,1536,416,32,352,32,32,0,1,1,4290822336
tile_rorforest,1504,384,32,352,32,32,0,1,1,4290822336
tile_rorforest,1536,384,32,352,32,32,0,1,1,4290822336
tile_rorforest,1568,352,32,352,32,32,0,1,1,4290822336
tile_rorforest,1568,416,32,352,32,32,0,1,1,4290822336
tile_rorforest,1408,448,32,352,32,32,0,1,1,4290822336
tile_rorforest,1440,448,32,352,32,32,0,1,1,4290822336
tile_rorforest,1472,448,32,352,32,32,0,1,1,4290822336
tile_rorforest,1504,448,32,352,32,32,0,1,1,4290822336
tile_rorforest,1536,448,32,352,32,32,0,1,1,4290822336
tile_rorforest,1568,448,32,352,32,32,0,1,1,4290822336
tile_rorgrass,1408,432,160,256,32,32,0,1,1,4294967295
tile_IWBTG,1536,352,32,96,32,32,0,1,1,4294967295
tile_IWBTG,896,560,128,32,32,32,0,1,1,2521516875
tile_IWBTG,928,560,128,32,32,32,0,1,1,2521516875
tile_IWBTG,960,560,128,32,32,32,0,1,1,2521516875
tile_IWBTG,992,560,128,32,32,32,0,1,1,2521516875
tile_IWBTG,1024,560,128,32,32,32,0,1,1,2521516875
tile_IWBTG,1056,560,128,32,32,32,0,1,1,2521516875
tile_IWBTG,1088,560,128,32,32,32,0,1,1,2521516875
tile_IWBTG,1120,560,128,32,32,32,0,1,1,2521516875
tile_IWBTG,1152,560,128,32,32,32,0,1,1,2521516875
tile_IWBTG,1184,560,128,32,32,32,0,1,1,2521516875
tile_IWBTG,1216,560,128,32,32,32,0,1,1,2521516875
tile_IWBTG,1248,560,128,32,32,32,0,1,1,2521516875
tile_rorforest,1120,384,0,160,32,32,0,1,1,4290822336
tile_rorforest,960,416,0,160,32,32,0,1,1,4290822336
tile_rorforest,1344,384,0,160,32,32,0,1,1,4290822336
tile_rorforest,1504,416,0,160,32,32,0,1,1,4290822336
tile_rorforest,1568,384,0,160,32,32,0,1,1,4294967295
tile_rorforest,1344,416,0,160,32,32,0,1,1,4290822336
tile_rorforest,1312,464,32,352,32,32,0,1,1,4290822336
tile_rorforest,1312,496,32,352,32,32,0,1,1,4290822336
tile_rorforest,1344,496,32,352,32,32,0,1,1,4290822336
tile_rorforest,1344,464,32,352,32,32,0,1,1,4290822336
tile_rorforest,1408,464,32,352,32,32,0,1,1,4290822336
tile_rorforest,1440,464,32,352,32,32,0,1,1,4290822336
tile_rorforest,1440,496,32,352,32,32,0,1,1,4290822336
tile_rorforest,1472,496,32,352,32,32,0,1,1,4290822336
tile_rorforest,1472,464,32,352,32,32,0,1,1,4290822336
tile_rorforest,1504,464,32,352,32,32,0,1,1,4290822336
tile_rorforest,1504,496,32,352,32,32,0,1,1,4290822336
tile_rorforest,1440,528,32,352,32,32,0,1,1,4290822336
tile_rorforest,1472,528,32,352,32,32,0,1,1,4290822336
tile_rorforest,1504,528,32,352,32,32,0,1,1,4290822336
tile_rorgrass,1440,512,160,256,32,32,0,1,1,4294967295
tile_rorforest,1376,464,0,160,32,32,0,1,1,4290822336
tile_rorforest,1376,496,0,160,32,32,0,1,1,4290822336
tile_rorforest,1312,528,32,352,32,32,0,1,1,4290822336
tile_rorforest,1312,560,32,352,32,32,0,1,1,4290822336
tile_rorforest,1344,560,32,352,32,32,0,1,1,4290822336
tile_rorforest,1344,528,32,352,32,32,0,1,1,4290822336
tile_rorforest,1376,528,32,352,32,32,0,1,1,4290822336
tile_rorforest,1376,560,32,352,32,32,0,1,1,4290822336
tile_rorforest,1408,496,32,352,32,32,0,1,1,4290822336
tile_rorforest,1408,528,32,352,32,32,0,1,1,4290822336
tile_rorforest,1408,560,32,352,32,32,0,1,1,4290822336
tile_rorforest,1472,560,32,352,32,32,0,1,1,4290822336
tile_rorforest,1504,560,32,352,32,32,0,1,1,4290822336
tile_rorforest,1536,560,32,352,32,32,0,1,1,4290822336
tile_rorforest,1536,528,32,352,32,32,0,1,1,4290822336
tile_rorforest,1536,496,32,352,32,32,0,1,1,4290822336
tile_rorforest,1568,543,32,352,32,32,0,1,1,4290822336
tile_rorforest,1568,496,32,352,32,32,0,1,1,4290822336
tile_rorforest,1568,464,32,352,32,32,0,1,1,4290822336
tile_rorforest,1536,464,32,352,32,32,0,1,1,4290822336
tile_rorforest,1504,592,32,352,32,32,0,1,1,4290822336
tile_rorforest,1056,384,32,352,32,32,0,1,1,4290822336
tile_rorforest,1248,352,0,0,32,32,0,1,1,4294967295
tile_rorforest,1440,592,32,352,32,32,0,1,1,4290822336
tile_rorforest,1472,592,32,352,32,32,0,1,1,4290822336
tile_rorforest,1312,592,32,352,32,32,0,1,1,4290822336
tile_rorforest,1344,592,32,352,32,32,0,1,1,4290822336
tile_rorforest,1376,592,32,352,32,32,0,1,1,4290822336
tile_rorforest,1408,592,32,352,32,32,0,1,1,4290822336
tile_rorforest,1280,592,32,352,32,32,0,1,1,4290822336
tile_rorforest,1536,592,32,352,32,32,0,1,1,4290822336
tile_rorforest,1568,592,32,352,32,32,0,1,1,4290822336
tile_rorforest,1568,528,32,352,32,32,0,1,1,4290822336
