SpikeU,896,273,38F752AE,0,1,1,4294967295,0,1
Water1,1600,48,D3AC75A3,0,1,10.5,4294967295,0,1
SpikeU,1056,432,977002CD,0,1,1,4294967295,0,1
SpikeD,1248,384,E52D691D,0,1,1,2533359615,0,1
SwitchRed,928,416,D0F2BE0C,0,1,1,4294967295,0,1
Platform,224,32,94973417,0,3,1,4294967295,0,1
SpikeU,32,448,39AEF2E3,0,1,1,4294967295,0,0
SpikeU,80,448,EDC68C3D,0,1,1,4294967295,0,0
SpikeU,96,417,27A12472,0,1,1,4294967295,0,0
SpikeD,96,448,929CA76A,0,1,1,4294967295,0,0
SpikeHardR,32,432,A9951BDC,0,1,1,4294967295,0,0
MiniSpikeUp,72,432,FFEAD132,0,1,1,4294967295,0,0
SpikeU,192,128,210708DA,0,1,1,4294967295,0,0
SpikeLT,95,160,2AC34E05,0,1,1,4294967295,0,0
SpikeU,127,98,44C85CE9,0,-1,1,4294967295,0,0
SpikeD,192,31,2380CFAD,0,1,1,4294967295,0,0
SpikeD,224,0,7FD55FBD,0,1,1,4294967295,0,1
SpikeLT,224,224,DFDE94EC,0,1,1,4294967295,0,0
SpikeU,256,193,C9D56279,0,-1,1,4294967295,0,0
SpikeTR,257,128,3F2E521D,0,1,1,4294967295,0,0
SpikeU,257,97,334F9CC6,0,1,1,4294967295,0,0
SpikeU,256,288,1270D6DF,0,1,1,4294967295,0,0
SpikeD,256,319,1D35096B,0,1,1,4294967295,0,0
SpikeL,288,192,BCAA54FA,0,1,1,4294967295,0,0
SpikeL,288,384,B30D1658,0,1,1,4294967295,0,0
SpikeLB,224,384,7EC309AC,0,1,1,4294967295,0,0
SpikeBR,258,448,544FFAFF,0,1,1,4294967295,0,0
SpikeLT,224,415,500BBACB,0,1,1,4294967295,0,0
SpikeLT,320,448,77C37BD2,0,1,1,4294967295,0,0
SpikeD,258,479,05D04837,0,1,1,4294967295,0,0
SpikeBR,65,256,9EEDDEEC,0,1,1,4294967295,0,0
SpikeTR,65,288,43A56C37,0,1,1,4294967295,0,0
MiniSpikeUp,256,560,0CDC5B42,0,1,1,4294967295,0,0
MiniSpikeUp,272,560,24EA4300,0,1,1,4294967295,0,0
MiniSpikeUp,288,560,BE10D039,0,1,1,4294967295,0,0
MiniSpikeUp,304,560,FB781866,0,1,1,4294967295,0,0
SpikeTR,416,368,30C3D23E,0,1,1,4294967295,0,0
SpikeBR,416,336,3E30BFA7,0,1,1,4294967295,0,0
SpikeR,352,240,3BA94945,0,1,1,4294967295,0,0
MiniSpikeLeft,384,304,5266E6BB,0,1,1,4294967295,0,0
MiniSpikeRight,400,304,39A17166,0,1,1,4294967295,0,0
MiniSpikeLeft,400,328,1CD6271C,0,1,1,4294967295,0,0
MiniSpikeLeft,400,312,79050F83,0,1,1,4294967295,0,0
MiniSpikeLeft,416,224,3C751AF4,0,1,1,4294967295,0,0
MiniSpikeRight,432,224,F6E2E6DE,0,1,1,4294967295,0,0
SpikeLT,352,128,77F04A52,0,1,1,4294967295,0,0
SpikeR,576,64,040E1D2E,0,1,1,4294967295,0,0
SpikeTR,608,0,74512737,0,1,1,4294967295,0,0
SpikeBR,608,129,731CA115,0,1,1,4294967295,0,0
SpikeL,577,223,E4EECCAC,0,1,1,4294967295,0,0
SpikeLT,608,223,2D0AE208,0,1,1,4294967295,0,0
SpikeR,546,223,A7E5DCD1,0,1,1,4294967295,0,0
SpikeD,544,127,EA4C747B,0,1,1,4294967295,0,0
SpikeBR,608,448,9B135E29,0,1,1,4294967295,0,0
SpikeLT,512,351,5F7D63C6,0,1,1,4294967295,0,0
SpikeLT,480,382,8A8362E6,0,1,1,4294967295,0,0
SpikeLB,511,320,86A398EA,0,1,1,4294967295,0,0
SpikeR,480,288,781ED7A0,0,1,1,4294967295,0,0
SpikeLB,576,448,9AA1FDA3,0,1,1,4294967295,0,0
SpikeLT,608,288,018D3234,0,1,1,4294967295,0,0
SpikeBR,608,256,26D088C0,0,1,1,4294967295,0,0
SpikeR,480,448,62D3CA65,0,1,1,4294967295,0,0
SpikeR,480,480,9A620906,0,1,1,4294967295,0,0
SpikeR,480,512,CFDBBB97,0,1,1,4294967295,0,0
SpikeR,511,576,88FA3CF4,0,1,1,4294967295,0,0
MiniSpikeLeft,624,592,1FE95A2E,0,1,1,4294967295,0,0
SpikeBR,576,288,FC184383,0,1,1,4294967295,0,0
SpikeD,576,320,EF0C9AB9,0,1,1,4294967295,0,0
SpikeL,561,480,4C59A4F6,0,1,1,4294967295,0,0
SpikeU,704,224,946CF3BA,0,1,1,4294967295,0,0
SpikeR,704,416,DCF0F3FC,0,1,1,4294967295,0,0
SpikeTR,704,288,E710ADDC,0,1,1,4294967295,0,0
SpikeLB,672,352,CDC69A6D,0,1,1,4294967295,0,0
SpikeLT,672,480,3E97D950,0,1,1,4294967295,0,0
SpikeLT,704,160,87A61345,0,1,1,4294967295,0,0
SpikeTR,736,64,3431F3BE,0,1,1,4294967295,0,0
MiniSpikeLeft,176,416,97D58E4C,0,1,1,4294967295,0,0
MiniSpikeLeft,176,432,5A005BE0,0,1,1,4294967295,0,0
MiniSpikeLeft,176,320,10CE6AD1,0,1,1,4294967295,0,0
MiniSpikeLeft,176,336,A32B81B3,0,1,1,4294967295,0,0
SpikeL,160,368,7B234AC1,0,1,1,4294967295,0,0
SpikeR,561,496,D0F4DFAF,0,1,1,4294967295,0,0
SpikeL,624,496,DE5C60CC,0,1,1,4294967295,0,0
SpikeD,928,160,CF6AFC79,0,1,1,4294967295,0,0
SpikeD,960,160,1B6F5131,0,1,1,4294967295,0,0
SpikeD,992,160,722B6071,0,1,1,4294967295,0,0
SpikeD,896,144,6E1AE8F7,0,1,1,4294967295,0,0
SpikeD,1056,160,116E6AC8,0,1,1,4294967295,0,0
SpikeD,1088,160,D0E1B3F8,0,1,1,4294967295,0,0
SpikeD,1120,191,E2480B2B,0,1,1,4294967295,0,0
SpikeD,1152,160,F7C68647,0,1,1,4294967295,0,0
SpikeD,1184,160,DDD3ED09,0,1,1,4294967295,0,0
SpikeD,1216,160,62F7CCF9,0,1,1,4294967295,0,0
SpikeD,1248,160,42566FE3,0,1,1,4294967295,0,0
SpikeD,1280,160,DBE76038,0,1,1,4294967295,0,0
SpikeD,1312,160,1AEE6D90,0,1,1,4294967295,0,0
SpikeD,1344,160,EB6CEA05,0,1,1,4294967295,0,0
SpikeD,1376,160,AADB4BF1,0,1,1,4294967295,0,0
SpikeD,1408,160,0153687D,0,1,1,4294967295,0,0
SpikeD,1440,160,96EBF332,0,1,1,4294967295,0,0
SpikeD,1472,144,8AB6592A,0,1,1,4294967295,0,0
SpikeU,1504,96,B813BE6F,0,1,1,4294967295,0,0
SpikeU,1440,288,626D7BD7,0,1,1,4294967295,0,0
SpikeU,1280,416,7B80E282,0,1,1,4294967295,0,0
SpikeD,1376,512,0ABB154F,0,1,1,4294967295,0,0
SpikeU,1504,592,FABF8BDD,0,1,1,4294967295,0,0
SpikeU,1425,545,FFF06A6F,0,0.96875,0.96875,4294967295,0,0
SpikeU,1328,544,E80ED14D,0,1,1,4294967295,0,0
SpikeD,1152,368,C37E9FFC,0,1,1,4294967295,0,0
SpikeD,1120,384,CF432EB2,0,1,1,4294967295,0,0
SpikeD,1088,368,348D4631,0,1,1,4294967295,0,0
SpikeD,1024,368,E7ECEFF3,0,1,1,4294967295,0,0
SpikeD,992,384,ACF91F0D,0,1,1,4294967295,0,0
SpikeD,960,368,5D613ACA,0,1,1,4294967295,0,0
SpikeU,1104,544,8E3EB564,0,1,1,4294967295,0,1
SpikeD,1472,384,2AE55039,0,1,1,4294967295,0,0
SpikeD,1504,384,A21E87E1,0,1,1,4294967295,0,0
SpikeD,1536,384,E39B340B,0,1,1,4294967295,0,0
SpikeD,1424,384,1F26B5DC,0,1,1,4294967295,0,0
SpikeD,1024,192,2777F65D,0,1,1,4281335552,0,1
SpikeR,896,512,3A3B233B,0,1,1,4280942336,0,1
SpikeR,960,544,FDCC58D3,0,1,1,4280942336,0,1
SpikeR,1024,480,45A73235,0,1,1,4280942336,0,1
SpikeD,1440,464,595661FE,0,1,1,4282908416,0,1
SpikeR,1312,416,374065AE,0,1,1,4279435008,0,1
SpikeD,960,96,75E05589,0,1,1,4278255372,0,1
SpikeD,992,64,F6BB0D26,0,1,1,4278255372,0,1
SpikeD,1024,64,239CDAFD,0,1,1,4278255372,0,1
SpikeD,1088,96,5BF9D11B,0,1,1,4278255372,0,1
SpikeD,1152,64,30DAE750,0,1,1,4278255372,0,1
SpikeD,1216,32,E9B8E2DB,0,1,1,4278255372,0,1
SpikeD,1280,64,E867EC0D,0,1,1,4278255372,0,1
SpikeD,1344,96,FD078BF7,0,1,1,4278255372,0,1
SpikeD,1408,64,73176F01,0,1,1,4278255372,0,1
SpikeL,1280,544,447A6747,0,1,1,4294967295,0,0
SpikeHardD,944,480,42EC4674,0,1,1,4294967295,0,0
SpikeHardU,992,544,69BC429D,0,1,1,4294967295,0,0
MiniSpikeHardD,1232,528,E9CA83F8,0,1,1,4294967295,0,0
MiniSpikeHardU,1232,512,2D100EBA,0,1,1,4294967295,0,0
MiniSpikeHardD,976,32,614BF448,0,1,1,4294967295,0,0
MiniSpikeHardD,992,32,E4D7714C,0,1,1,4294967295,0,0
MiniSpikeHardD,1008,32,39322388,0,1,1,4294967295,0,0
MiniSpikeHardU,1120,112,4B18AF2F,0,1,1,4294967295,0,0
MiniSpikeHardD,1168,32,9A15F8A8,0,1,1,4294967295,0,0
MiniSpikeHardU,1232,112,044EE483,0,1,1,4294967295,0,0
MiniSpikeHardD,1296,32,6CCEA63D,0,1,1,4294967295,0,0
MiniSpikeHardD,1408,32,BDA836A3,0,1,1,4294967295,0,0
SpikeHardD,1520,32,4460161F,0,1,1,4294967295,0,0
SpikeHardL,1536,48,25550911,0,1,1,4294967295,0,0
Jumper,1056,368,FBD8BE6A,0,1,1,855638015,0,1
MiniSpikeHardU,944,112,E7EB7113,0,1,1,4294967295,0,0
MiniSpikeHardR,1504,576,830615ED,0,1,1,4294967295,0,0
MiniSpikeHardL,1520,576,AAAFAC39,0,1,1,4294967295,0,0
MiniSpikeHardL,1200,384,5B8DD09F,0,1,1,4294967295,0,0
SpikeD,1920,480,394DE45D,0,1,1,4294967295,0,0
SpikeU,1920,480,FC222ED3,0,1,1,4294967295,0,0
SpikeL,1728,416,E211F81E,0,1,1,4294967295,0,0
SpikeD,1760,496,91A1D5AE,0,1,1,4294967295,0,0
SpikeU,1792,560,F7CC741D,0,1,1,4294967295,0,0
SpikeD,1824,480,7ED03548,0,1,1,4294967295,0,0
SpikeU,1920,177,6EF55902,0,1,1,4294967295,0,0
SpikeR,1936,352,2139744B,0,1,1,4294967295,0,0
SpikeR,1632,448,43381C33,0,1,1,4279828224,0,1
SpikeHardD,1792,480,6BD58817,0,1,1,4294967295,0,0
Jumper,1888,576,87895CD3,0,1,1,4294967295,0,1
SpikeLB,224,544,D10DF4CC,0,1,1,4294967295,0,0
MiniSpikeUp,928,336,F62573A6,0,1,1,4294967295,0,0
MiniSpikeUp,944,336,6C36E9CA,0,1,1,4294967295,0,0
MiniSpikeUp,960,336,F157AE6B,0,1,1,4294967295,0,0
MiniSpikeUp,976,336,B9B5A5EF,0,1,1,4294967295,0,0
MiniSpikeUp,992,336,72E0F24A,0,1,1,4294967295,0,0
MiniSpikeUp,1008,336,716C81DC,0,1,1,4294967295,0,0
MiniSpikeUp,1088,336,70DE3DD5,0,1,1,4294967295,0,0
MiniSpikeUp,1104,336,5EA618F3,0,1,1,4294967295,0,0
MiniSpikeUp,1120,336,D64237FC,0,1,1,4294967295,0,0
MiniSpikeUp,1136,336,6A5C8EEA,0,1,1,4294967295,0,0
MiniSpikeUp,1152,336,0F7B49EB,0,1,1,4294967295,0,0
MiniSpikeUp,1168,336,7A369EAC,0,1,1,4294967295,0,0
MiniSpikeUp,1184,336,BA16255A,0,1,1,4294967295,0,0
MiniSpikeUp,1200,336,FFC90DF5,0,1,1,4294967295,0,0
MiniSpikeUp,1216,336,905B79CC,0,1,1,4294967295,0,0
MiniSpikeUp,1232,336,A4F78455,0,1,1,4294967295,0,0
MiniSpikeUp,1248,336,DE319E9D,0,1,1,4294967295,0,0
MiniSpikeUp,1264,336,42ED565D,0,1,1,4294967295,0,0
MiniSpikeUp,1280,336,19773741,0,1,1,4294967295,0,0
MiniSpikeUp,1296,336,2640D5CC,0,1,1,4294967295,0,0
MiniSpikeUp,1344,336,F8472BA3,0,1,1,4294967295,0,0
MiniSpikeUp,1360,336,17734BB3,0,1,1,4294967295,0,0
MiniSpikeUp,1376,336,B8D3CEF8,0,1,1,4294967295,0,0
MiniSpikeUp,1392,336,C3BCA3DD,0,1,1,4294967295,0,0
MiniSpikeUp,1408,336,04152416,0,1,1,4294967295,0,0
MiniSpikeUp,1424,336,BF8BF9A7,0,1,1,4294967295,0,0
MiniSpikeUp,1472,336,9F6F4CFA,0,1,1,4294967295,0,0
MiniSpikeUp,1488,336,D2676B96,0,1,1,4294967295,0,0
MiniSpikeUp,1376,240,E547F454,0,1,1,4294967295,0,0
MiniSpikeUp,1216,240,29ACC63B,0,1,1,4294967295,0,0
MiniSpikeUp,1072,192,F9089147,0,1,1,4294967295,0,0
MiniSpikeDown,1072,304,52F70653,0,1,1,4294967295,0,0
MiniSpikeDown,1216,256,B463A846,0,1,1,4294967295,0,0
MiniSpikeDown,1376,256,C1FD6471,0,1,1,4294967295,0,0
SpikeU,1312,257,25888087,0,1,1,4294967295,0,0
MiniSpikeHardU,1368,432,89C5AD0B,0,1,1,4294967295,0,0
SpikeTR,1984,128,1530873A,0,1,1,4294967295,0,0
SpikeLT,1888,128,A720343E,0,1,1,4294967295,0,0
SpikeD,2304,384,4CD5DA40,0,1,1,4294967295,0,0
SpikeD,2272,320,6D7E98F4,0,1,1,4294967295,0,0
SpikeBR,2272,288,9A6C4D33,0,1,1,4294967295,0,0
SpikeU,2208,545,411133EB,0,1,1,4294967295,0,0
SpikeU,2176,576,A2ED2493,0,1,1,4294967295,0,0
MiniSpikeDown,1864,480,E84ADE9B,0,1,1,4294967295,0,0
MiniSpikeUp,1768,336,98EF8CAD,0,1,1,4294967295,0,0
SpikeR,2048,128,00F5A581,0,1,1,4294967295,0,0
SpikeL,2080,128,B61FD7FF,0,1,1,4294967295,0,0
SpikeBR,2144,32,676A69A5,0,1,1,4294967295,0,0
SpikeLT,2176,63,AF43064D,0,1,1,4294967295,0,0
SpikeLB,2176,1,44C1BE7B,0,1,1,4294967295,0,0
SpikeU,1824,448,A6264E99,0,1,1,4294967295,0,0
MiniSpikeUp,1864,464,C0B0EF8D,0,1,1,4294967295,0,0
SpikeR,1792,448,5AC21703,0,1,1,4294967295,0,0
SpikeHardR,1936,224,89BC9B58,0,1,1,4294967295,0,0
SpikeHardL,2000,416,80C91A2C,0,1,1,4294967295,0,0
SpikeMediumL,2000,272,3F4BB6E9,0,1,1,4294967295,0,0
SpikeHardL,1984,272,76FAB7A2,0,1,1,4294967295,0,0
MiniSpikeRight,2240,384,7BFA705A,0,1,1,4294967295,0,0
MiniSpikeRight,2240,400,97453DD3,0,1,1,4294967295,0,0
SpikeR,2239,576,FEB167B9,0,1,1,4294967295,0,0
SpikeBR,480,350,D09FBD5B,0,1,1,4294967295,0,0
SpikeL,704,32,C840F262,0,1,1,4294967295,0,0
SpikeD,256,0,F635336B,0,1,1,4294967295,0,1
SpikeD,288,0,E79C4C19,0,1,1,4294967295,0,1
SpikeU,896,257,4BDD2197,0,1,1,4294967295,0,1
SpikeTall,96,319,81EAD530,0,1,3,4294967295,90,0
SpikeTall,32,191,85EAEC1F,0,1,2,4294967295,90,0
SpikeTall,127,129,17F13D5B,0,-1,1,4294967295,0,0
SpikeTall,192,0,8B6575C2,0,1,1,4294967295,0,0
SpikeTall,288,159,40F5A4F3,0,1,1,4294967295,90,0
SpikeTall,289,479,7415E160,0,1,1,4294967295,90,0
SpikeTall,608,160,743154DB,0,1,2,4294967295,0,0
SpikeTall,544,96,8F95563F,0,1,1,4294967295,0,0
SpikeTall,511,320,B4B6D452,0,1,1,4294967295,270,0
SpikeTall,511,576,40F3CD04,0,1,1,4294967295,270,0
SpikeTall,639,480,2EAFA76E,0,1,1.5,4294967295,270,0
SpikeTall,1920,208,655D0769,0,1,4.5,4294967295,0,0
SpikeTall,2208,576,70BC2ED5,0,1,1,4294967295,0,0
SpikeTall,2208,32,5BD9762C,0,-1,1,4294967295,0,0
WarpToHub,16,544,D62EE98B,0,1,1,4294967295,0,0
Warp,2368,32,690C54CB,0,1,1,4294967295,0,1
Warp,385,559,41F3F793,0,1,1,184549375,0,1
SpikeTall,1120,160,C0C700CF,0,1,1,4294967295,0,0
Piston,1224,160,70A6C4CF,0,2,1,4294967295,0,1
Block,0,0,F333A58A,0,1,15,4294967295,0,0
Block,0,576,09A8F8FE,0,4,1,4294967295,0,0
Block,128,544,B72997C7,0,3,2,4294967295,0,0
Block,192,160,EECEE554,0,1,12,4294967295,0,0
Block,96,256,28C836D4,0,3,1,4294967295,0,0
Block,0,480,97B674FF,0,4,0.8125,4294967295,0,0
Block,320,0,3328DE3F,0,1,14,4294967295,0,0
Block,224,576,6766A744,0,6,1,4294967295,0,0
Block,416,480,C81F003C,0,2,4,4294967295,0,0
Block,448,160,0309E201,0,1,10,4294967295,0,0
Block,480,64,F5A3C8A8,0,1,7,4294967295,0,0
Block,512,64,12B83234,0,2,1,4294967295,0,0
Block,352,0,8AF19C12,0,2,4,4294967295,0,0
Block,0,-32,9F849C3A,0,7,1,4294967295,0,0
Block,32,0,DEC44308,0,5,1,4294967295,0,0
Block,384,-64,9C6E5671,0,13,1,4294967295,0,0
Block,640,-32,F162904D,0,1,8,4294967295,0,0
Block,640,224,682155C8,0,1,10,4294967295,0,0
Block,640,576,4F0D16B0,0,2,1,4294967295,0,0
Block,704,544,4EDF7F94,0,1,2,4294967295,0,0
Block,736,512,3951C2A0,0,2,3,4294967295,0,0
Block,672,384,B97C6818,0,1,3,4294967295,0,0
Block,768,64,8E0E07FA,0,1,14,4294967295,0,0
Block,704,256,699BF349,0,2,1,4294967295,0,0
Block,736,224,796ED45C,0,1,1,4294967295,0,0
Block,736,288,EF4E4902,0,1,2,4294967295,0,0
Block,672,96,6C99A513,0,1,3,4294967295,0,0
Block,704,128,F58D68C4,0,1,1,4294967295,0,0
Block,736,32,7491AEC7,0,1,1,4294967295,0,0
Block,672,-32,3607238E,0,5,1,4294967295,0,0
Block,832,-32,D4DD8C9F,0,1,2,4294967295,0,0
Block,832,0,5C08190A,0,24,1,4294967295,0,0
Block,1575,32,D6AC2376,0,0.78125,9,4294967295,0,0
Block,1536,576,5B6C7094,0,1,1,4294967295,0,0
Block,1472,576,CA5BFE60,0,1,1,4294967295,0,0
Block,1440,544,CE34D698,0,1,2,4294967295,0,0
Block,1280,576,830D3E82,0,5,1,4294967295,0,0
Block,1280,512,7AF25BAB,0,1,1,4294967295,0,0
Block,1280,448,75F591A9,0,1,1,4294967295,0,0
Block,1376,416,09D20810,0,1,3,4294967295,0,0
Block,1504,464,02D80B80,0,1,1.5,4294967295,0,0
Block,800,96,3BEB2967,0,1,16,4294967295,0,0
Block,832,576,94B23555,0,2,1,4294967295,0,0
Block,832,128,5EA6E9E7,0,2,1,4294967295,0,0
ConveyorLeft,896,128,5A1A0017,0,1,1,4294967295,0,1
ConveyorLeft,928,128,F67F6DB7,0,1,1,4294967295,0,1
ConveyorLeft,960,128,20B02630,0,1,1,4294967295,0,1
ConveyorLeft,992,128,0FC8A0AC,0,1,1,4294967295,0,1
Block,1024,160,DDA604B2,0,1,1,4294967295,0,0
ConveyorLeft,1024,128,61195B74,0,1,1,4294967295,0,1
ConveyorLeft,1056,128,AC1204CB,0,1,1,4294967295,0,1
ConveyorLeft,1088,128,4FBB122C,0,1,1,4294967295,0,1
ConveyorRight,1120,128,875A083D,0,1,1,4294967295,0,1
ConveyorRight,1152,128,E3B1F0B4,0,1,1,4294967295,0,1
ConveyorRight,1184,128,03C3B509,0,1,1,4294967295,0,0
ConveyorRight,1504,128,6443E04E,0,1,1,4294967295,0,1
ConveyorRight,1472,128,FBB83F69,0,1,1,4294967295,0,1
ConveyorRight,1440,128,07CE19C6,0,1,1,4294967295,0,1
ConveyorLeft,1408,128,B99663AF,0,1,1,4294967295,0,0
ConveyorLeft,1376,128,C4B57A23,0,1,1,4294967295,0,0
ConveyorLeft,1344,128,F67A4269,0,1,1,4294967295,0,0
ConveyorLeft,1312,128,77D731F7,0,1,1,4294967295,0,0
ConveyorLeft,1280,128,BE657E06,0,1,1,4294967295,0,0
ConveyorLeft,1248,128,A6B20BE8,0,1,1,4294967295,0,0
ConveyorLeft,1216,128,2FF1E136,0,1,1,4294967295,0,0
Block,1504,320,9F13BDDE,0,3,1,4294967295,0,0
Block,896,320,A7B1BB2D,0,1,1,4294967295,0,0
Block,1312,320,526C6DD6,0,1,1,4294967295,0,0
Block,1440,320,87863E58,0,1,1,4294967295,0,0
KillBlock,896,288,3C07810B,0,1,1,4294967295,0,1
Block,864,352,6611F5A1,0,6,1,4294967295,0,0
Block,871,384,33157771,0,0.78125,1,4294967295,0,0
Block,871,416,A668820E,0,1.78125,0.96875,4294967295,0,0
Block,896,448,BD88A05E,0,11,1,4294967295,0,0
Block,1216,384,A3078BC8,0,1,1,4294967295,0,0
ConveyorLeft,1312,448,92AD9D68,0,1,1,4294967295,0,1
ConveyorRight,1248,576,8EA07D09,0,1,1,4294967295,0,1
ConveyorLeft,1216,576,E1D9A7AE,0,1,1,4294967295,0,0
ConveyorLeft,1184,576,63B7D266,0,1,1,4294967295,0,0
ConveyorLeft,1152,576,FE630F64,0,1,1,4294967295,0,1
ConveyorLeft,1120,576,CB6BD1EC,0,1,1,4294967295,0,1
ConveyorRight,896,576,5A9ED30F,0,1,1,4294967295,0,0
ConveyorRight,928,576,3261A416,0,1,1,4294967295,0,0
ConveyorRight,960,576,A2C6CD5C,0,1,1,4294967295,0,0
ConveyorRight,992,576,7360E8CF,0,1,1,4294967295,0,0
ConveyorRight,1024,576,99E96CC0,0,1,1,4294967295,0,0
ConveyorRight,1056,576,24490105,0,1,1,4294967295,0,1
ConveyorRight,1088,576,0FE5A240,0,1,1,4294967295,0,1
Block,1472,464,329AFF4C,0,1,0.8125,4294967295,0,0
Block,1408,464,723D3A3C,0,1,0.8125,4294967295,0,0
Block,1280,384,F92C3D02,0,1,1,4294967295,0,0
Block,1088,352,932C275C,0,15,1,4294967295,0,0
ConveyorLeft,1344,448,117EB9F1,0,1,1,4294967295,0,1
Block,1728,224,1EAD60C9,0,5,1,4294967295,0,0
Block,2016,192,B63502AF,0,1,10,4294967295,0,0
Block,1632,320,14C6EF00,0,1,1,4294967295,0,0
Block,1696,320,16A3FB91,0,1,1,4294967295,0,0
Block,1584,384,95F744A0,0,1,7,4294967295,0,0
Block,1760,352,55DBF872,0,1,5,4294967295,0,0
Block,1920,352,59310041,0,1,4,4294967295,0,0
Block,1920,512,DEB0DF34,0,1,3,4294967295,0,0
ConveyorRight,1632,576,B076737B,0,1,1,4294967295,0,0
ConveyorRight,1664,576,FAC81BEF,0,1,1,4294967295,0,0
ConveyorRight,1696,576,7E5FE7AB,0,1,1,4294967295,0,0
ConveyorRight,1728,576,74B0238B,0,1,1,4294967295,0,0
ConveyorRight,1760,576,D52A963F,0,1,1,4294967295,0,0
ConveyorRight,1792,576,2ECC2138,0,1,1,4294967295,0,0
ConveyorRight,1824,576,9AA921DA,0,1,1,4294967295,0,1
ConveyorRight,1856,576,98D27B80,0,1,1,4294967295,0,1
Block,1568,448,AA9A618B,0,0.5,0.5,4294967295,0,0
Block,1856,128,8CB54AFF,0,1,3,4294967295,0,0
Block,1856,96,62880B6F,0,6,1,4294967295,0,0
Block,2016,128,ACAB9145,0,1,2,4294967295,0,0
Block,1616,560,E042300A,0,0.5,1.5,4294967295,0,0
Block,2080,576,CBF631CD,0,3,1,4294967295,0,0
Block,2144,352,3A72120A,0,1,7,4294967295,0,0
Block,2176,384,D51793D3,0,2,4,4294967295,0,0
Block,2304,320,96FC69BE,0,1,2,4294967295,0,0
Block,2304,256,BD2FAB06,0,1,2,4294967295,0,0
Block,2368,320,97AF1EA2,0,1,9,4294967295,0,0
Block,2240,128,75681E81,0,3,4,4294967295,0,0
Block,2112,64,94276553,0,2,3,4294967295,0,0
Block,1616,176,E2480D01,0,0.5,7.5,4294967295,0,0
Block,1616,128,95BB7391,0,3.5,1.5,4294967295,0,0
Block,1600,0,2DE6DB2E,0,18,1,4294967295,0,0
Block,1728,96,41E17FC1,0,1,3,4294967295,0,0
Block,1920,64,223116BF,0,1,1,4294967295,0,0
Block,1952,32,88152424,0,1.5,2,4294967295,0,0
Block,-32,480,5E8C9F18,0,1,4,4294967295,0,0
Block,32,32,C2D36D67,0,2,2,4294967295,0,0
Block,1267,512,7EDE65B1,0,0.40625,0.96875,4294967295,0,0
Block,1312,512,F393CB9C,0,1,0.5,4294967295,0,0
Block,1312,528,465D8473,0,0.5,0.5,4294967295,0,0
Block,1576,464,AD5820BD,0,0.25,1,4294967295,0,0
Block,1568,560,F59FA600,0,0.5,1.5,4294967295,0,0
Block,928,416,ED7FFCF5,0,0.5,1,4294967295,0,0
Block,865,463,D73C2025,0,0.96875,0.53125,4294967295,0,0
Block,871,447,2318D5BB,0,0.78125,0.5,4294967295,0,0
Block,1568,496,F1092576,0,0.5,1,4294967295,0,0
Block,1576,528,501C0D1F,0,0.25,1,4294967295,0,0
Block,832,160,B573C70F,0,1,2,4294967295,0,0
Block,864,160,AB4498ED,0,1,1,4294967295,0,0
Block,224,-32,795C57F2,0,3,1,4294967295,0,0
Block,320,-32,C310870D,0,3,1,4294967295,0,0
Block,2368,256,C3C639D2,0,1,2,4294967295,0,0
Block,2368,64,CF50FA68,0,1,6,4294967295,0,0
Block,2304,0,CCACB954,0,3,1,4294967295,0,0
Block,2304,32,C02081D2,0,1,3,4294967295,0,0
AntiSoftlockBlock,1440,416,9959FEC8,0,1,2,4294967295,0,1
SpikeTall,1312,288,990EC292,0,1,1,4294967295,0,1
SpikeTall,896,288,B14892D8,0,1,1,4294967295,0,1
Signpost,1632,288,D3CC8CC7,0,1,1,4294967295,0,1
Signpost,1664,96,37E11C4E,0,1,1,4294967295,0,1
Signpost,2112,544,4F234F69,0,1,1,4294967295,0,1
Signpost,352,608,F87F6F54,0,1,1,4294967295,0,1
AntiSoftlockBlock,385,547,0FE33C53,0,0.96875,0.375,4294967295,0,0
AntiSoftlockBlock,320,552,062D866B,0,2.03125,0.78125,4294967295,0,0
MusicPlayer,32,192,003C2ED2,0,1,1,4294967295,0,1
Platform,128,328,23B0615B,0,1,1,4279435008,0,1
Platform,128,456,FB84C5E2,0,1,1,4279435008,0,1
SavePointHard,144,512,6C655187,0,1,1,4294967295,0,0
SavePointHard,160,224,3C525F3F,0,1,1,4294967295,0,0
Platform,128,144,1A3A8757,0,1,1,4294967295,0,0
Platform,400,432,646BCF16,0,1,1,4294967295,0,1
CherryBounce,240,272,DAEB6263,0,1,1,4294967295,0,1
CherryBounce,304,368,D1AB2321,0,1,1,4294967295,0,1
Cherry,400,208,7EEDBBCC,0,1,1,4294967295,0,0
SavePointHard,480,32,DFBDAB04,0,1,1,4294967295,0,0
SquareRefresher,592,432,3845A8EF,0,1,1,4294967295,0,0
SquareRefresher,592,352,9C6D5D47,0,1,1,4294967295,0,0
TrapRedirect,640,320,C2B83D6C,0,1,2,4294967295,0,0
TrapRedirect,768,320,4EB2D914,0,1,2,4294967295,0,0
Cherry,704,352,81F992B4,0,1,1,4294967295,0,1
TrapRedirect,704,256,494583B6,0,1,1,4294967295,0,0
TrapRedirect,704,32,2A476ED0,0,1,1,4294967295,0,0
Cherry,720,208,37D3DEA9,0,1,1,4294967295,0,1
SavePointHard,832,96,B48E2C36,0,1,1,4294967295,0,0
SavePointHard,1536,288,D49A80DA,0,1,1,4294967295,0,0
Jumper,1024,320,12601BF0,0,1,1,4294967295,0,0
ShootBlock,864,480,2A914036,0,1,1,4294967295,0,0
ShootBlock,864,512,D994565A,0,1,1,4294967295,0,0
ShootBlock,864,544,B3450395,0,1,1,4294967295,0,0
ShootBlock,960,416,BDBFC997,0,1,1,4294967295,0,0
ShootBlock,992,416,32CABDC6,0,1,1,4294967295,0,0
ShootBlock,1024,416,8619D7E4,0,1,1,4294967295,0,0
ShootBlock,1088,416,ECDE18DC,0,1,1,4294967295,0,0
ShootBlock,1120,416,E72EDC53,0,1,1,4294967295,0,0
ShootBlock,1152,416,CB860464,0,1,1,4294967295,0,0
ShootBlock,1184,416,D0DFF196,0,1,1,4294967295,0,0
ShootBlock,1216,416,991DCA6B,0,1,1,4294967295,0,0
ShootBlock,1248,416,83828C95,0,1,1,4294967295,0,0
Platform,1536,496,8621B80F,0,1,1,4294967295,0,0
ShootBlock,1280,480,6E7B58EB,0,1,1,4294967295,0,0
ShootBlock,1440,384,84E19F86,0,1,1,4294967295,0,0
ShootBlock,1440,416,D568312C,0,1,1,4294967295,0,0
FakeBlock,1248,384,2385207D,0,1,1,4294967295,0,0
FakeBlock,1472,384,72CA3DA7,0,1,1,4294967295,0,0
YokuBlock,1504,512,6AEF7112,0,1,1,4294967295,0,0
TrapRedirect,1024,160,AA556879,0,1,1,4294967295,0,0
TrapRedirect,1024,320,A4BC71DF,0,1,1,4294967295,0,0
TrapRedirect,1280,480,DC61F251,0,1,1,4294967295,0,0
TrapRedirect,928,128,BA2A29D4,0,19,1,4294967295,0,0
TrapRedirect,928,0,3992F4A1,0,20,1,4294967295,0,0
CherryBounce,1456,224,CE3B7E43,0,1,1,4294967295,0,0
FakeBlock,1056,352,D1F87134,0,1,1,4294967295,0,0
FakeBlock,1280,544,25271AC9,0,1,1,4294967295,0,0
TrapRedirect,1280,544,60831C6D,0,1,1,4294967295,0,0
BulletBlock,896,96,43C397FD,0,1,1,4294967295,0,0
BulletBlock,1472,288,5BC8A82B,0,1,1,4294967295,0,0
FakeBlock,1504,384,79301C16,0,1,1,4294967295,0,0
FakeBlock,1536,384,9E44C8C7,0,1,1,4294967295,0,0
ShootBlock,1632,352,B7C55C33,0,1,1,4294967295,0,0
ShootBlock,1952,480,A6E8C77D,0,1,1,4294967295,0,0
ShootBlock,1984,480,0A85E128,0,1,1,4294967295,0,0
FakeBlock,1888,576,85A2766F,0,1,1,4294967295,0,0
Platform,1664,320,F943B9E1,0,1,1,4280221440,0,1
Platform,1856,384,583A4DDA,0,1,1,4279368960,0,1
BulletBlock,1856,464,E5C8310E,0,1,0.5,4294967295,0,0
TrapRedirect,2016,384,058CAEAA,0,1,3,4294967295,0,0
SavePointHard,1696,288,B8B17AAB,0,1,1,4294967295,0,0
BulletBlock,1760,288,38548032,0,1,1,4294967295,0,0
ShootBlock,1664,352,66395731,0,1,1,4294967295,0,0
ShootBlock,1696,352,E4D72FA1,0,1,1,4294967295,0,0
SavePointHard,1536,448,B7590E56,0,1,1,4294967295,0,0
SavePointHard,384,512,69CD0A64,0,1,1,4294967295,0,0
SavePointStandMedium,896,384,A26F6FDD,0,1,1,4294967295,0,0
Cherry,1152,288,B0ECFB9F,0,1,1,4294967295,0,1
Triggered1,1568,368,0335E0BE,0,1,1,4294967295,0,0
Cherry,1584,384,0E7EA948,0,1,1,4294967295,0,1
ShootBlock,1920,480,4F493CF7,0,1,1,4294967295,0,0
BulletBlock,1664,256,8AB24492,0,1,1,4294967295,0,0
BulletBlock,1856,256,C2D3C1FE,0,1,1,4294967295,0,0
SavePointHard,2080,320,1D24EC76,0,1,1,4294967295,0,0
Platform,2048,368,FA7534BA,0,3,1,4294967295,0,0
Platform,2048,480,BCA12D29,0,3,1,4294967295,0,0
ShootBlock,2208,512,58AA2052,0,1,1,4294967295,0,0
Platform,2176,512,2DF07EEC,0,1,1,4279041792,0,1
ShootBlock,2336,384,04D43001,0,1,1,4294967295,0,0
ShootBlock,2336,416,4AFE3EFA,0,1,1,4294967295,0,0
Cherry,2320,432,9185B53E,0,1,1,4294967295,0,0
Platform,2032,560,F268A15D,0,1,1,4294967295,0,0
SpikeyGateUp,1888,448,E74074B7,0,1,1,4294967295,0,0
SpikeyGateRight,1760,256,3416937B,0,1,1,4294967295,0,0
SpikeyGateRight,1760,288,96301DDF,0,1,1,4294967295,0,0
SpikeyGateRight,1760,320,686D00CC,0,1,1,4294967295,0,0
AddTrigger,1856,352,02D0ADA8,0,1,1,4294967295,0,1
TriggerInstance,1888,464,FE93FC23,0,1,0.5,4294967295,0,1
SavePointHard,1632,96,A0D3B735,0,1,1,4294967295,0,0
SpikeyGateUp,1760,96,8327B155,0,1,1,4294967295,0,0
SpikeyGateUp,1792,96,91823FA2,0,1,1,4294967295,0,0
SpikeyGateRight,1728,32,22FEFEE3,0,1,1,4294967295,0,0
SpikeyGateRight,1728,64,EF4B70E2,0,1,1,4294967295,0,0
SpikeyGateDown,1824,100,04F12D8C,0,1,1,4294967295,0,0
SpikeyGateLeft,1821,192,36A123D3,0,1,1,4294967295,0,0
SpikeyGateDown,1824,160,2AC5DBFB,0,1,1,4294967295,0,0
SpikeyGateRight,1763,192,72A105C2,0,1,1,4294967295,0,0
SpikeyGateUp,1792,156,B99C183F,0,1,1,4294967295,0,0
SpikeyGateDown,1760,160,6335B307,0,1,1,4294967295,0,0
SpikeyGateLeft,2048,64,489DA56F,0,1,1,4294967295,0,0
SpikeyGateUp,2064,48,F1BC77BB,0,1,1,4294967295,0,0
SpikeyGateRight,2080,64,6DB12A4F,0,1,1,4294967295,0,0
SpikeyGateDown,2064,80,6995A4C3,0,1,1,4294967295,0,0
SpikeyGateRight,1792,128,E17EB7B7,0,1,1,4294967295,0,0
SpikeyGateUp,1776,112,3025F924,0,1,1,4294967295,0,0
SpikeyGateUp,1744,112,48428385,0,1,1,4294967295,0,0
SpikeyGateUp,2064,80,0BBF0C86,0,1,1,4294967295,0,0
SpikeyGateLeft,2080,64,25D1A70C,0,1,1,4294967295,0,0
SpikeyGateRight,2048,64,73C6CFAF,0,1,1,4294967295,0,0
SpikeyGateDown,2064,48,133EADAC,0,1,1,4294967295,0,0
SpikeyGateUp,1856,448,63BA2F4C,0,1,1,4294967295,0,0
SpikeyGateUp,1824,448,E471A6E1,0,1,1,4294967295,0,0
SpikeyGateUp,1792,448,8EDC89D7,0,1,1,4294967295,0,0
TriggerInstance,1888,464,57C5C4E4,0,1,0.5,4294967295,0,1
TriggerCode,1824,416,1E7F8C40,0,1,1,4294967295,0,1
Platform,320,544,12CED3D5,0,3,0.5,2533359615,0,1
SavePointStandHard,672,544,1C5726E7,0,1,1,4294967295,0,0
Piston,944,464,59217A5E,0,1,1,4294901771,0,1
Piston,880,464,D9F2F6C1,0,1,1,4294967295,0,1
Piston,880,368,0C7BAB3A,0,1,1,4294967295,0,1
Piston,1568,368,96A7D65A,0,1,1,4294967295,0,1
TriggerRelay,928,384,65F782F5,0,1,1,4294967295,0,1
TriggerCode,944,400,AEB6F42C,0,1,1,4294967295,0,1
TextDraw,496,400,E57AE7FE,0,0.5,0.5,2533359615,0,1
Piston,832,496,C09E03B9,0,1,1,2516582400,0,1
Piston,832,528,5C6380F9,0,1,1,2516582400,0,1
Piston,832,560,CD9649E6,0,1,1,2516582400,0,1
Piston,1456,384,D5923EAA,0,1,1,2516582400,0,1
Piston,944,432,E536ED08,0,1,1,2516582400,0,1
Piston,1040,176,7E3FAD34,0,1,1,4294967295,0,1
Trigger2,224,256,DD9C6D1C,0,3,1,4294967295,0,0
Triggered2,224,0,9D95F67E,0,1,1,4294967295,0,0
Triggered2,288,0,F8B76CDD,0,1,1,4294967295,0,0
Triggered3,256,0,BBD4ADA5,0,1,1,4294967295,0,0
Trigger3,224,368,77A64962,0,3,1,4294967295,0,0
TriggerInstance,896,160,0CB8AD3E,0,0.5,3,4294967295,0,1
TriggerTransformer,832,176,97C0597D,0,1,1,4294967295,0,1
TriggerRelay,864,176,7C284B92,0,1,1,4294967295,0,1
TriggerRelay,848,208,9FC35C2D,0,1,1,4294967295,0,1
TriggerRelay,1504,416,C106EE19,0,1,1,4294967295,0,1
AddTrigger,1536,448,9CBCA18A,0,1,1,4294967295,0,1
TriggerInstance,320,448,490BB254,0,1,3,4294967295,0,1
TriggerCode,352,448,FC171080,0,1,1,4294967295,0,1
Item7,320,608,A234222D,0,1,1,4294967295,0,0
TriggerRelay,160,96,99FB9CC4,0,1,1,4294967295,0,1
TriggerCode,192,96,BCCD8689,0,1,1,4294967295,0,1
SavePointMedium,864,320,3A77AC3A,0,1,1,4294967295,0,0
PlayerStart,64,544,96BD2CE7,0,1,1,4294967295,0,0
PlayerStart,64,544,E7F60F4E,0,1,1,4294967295,0,0
Water1,672,0,6D50F9AE,0,3,17,4294967295,0,0
Water1,1056,384,E13FB32F,0,1,1,4294967295,0,0
Water1,1184,384,66ACA7BD,0,1,1,4294967295,0,0
Water3,928,320,F758B1AB,0,18,1,4294967295,0,0
Water3,1728,352,75BA88F3,0,1,0.5,4294967295,0,0
Water1,2336,64,09427D03,0,1,10,4294967295,0,0
FocusZone,800,0,12DAAEF9,0,25,5,4294967295,0,0
FocusZone,800,160,6BCF2DA9,0,25,6,4294967295,0,0
FocusZone,800,352,A92E2734,0,25,8,4294967295,0,0
